structure(list(c(1, 2, 3, 4), c(3.57, 1.23, 9.58, 7.05), c(0.95, 
0.36, 6.71, 6.02), c(4.86, 1.82, 12.01, 9.47), c(9.57, 7.23, 
15.58, 13.05), c(6.95, 6.36, 12.71, 12.02), c(10.86, 7.82, 18.01, 
15.47)), names = c(NA, "line 1", "band 1", "band 1", "line 2", 
"band 2", "band 2"), row.names = c(NA, 4L), class = "data.frame")
