structure(list(X1 = c(1, 2, 3, 4), `line 1` = c(3.57, 1.23, 9.58, 
7.05), `band 1` = c(0.95, 0.36, 6.71, 6.02), `band 1` = c(4.86, 
1.82, 12.01, 9.47), `line 2` = c(9.57, 7.23, 15.58, 13.05), `band 2` = c(6.95, 
6.36, 12.71, 12.02), `band 2` = c(10.86, 7.82, 18.01, 15.47)), row.names = c(NA, 
4L), class = "data.frame")
