structure(list(X1 = c(5.8, 5.8, 6.1, 6.5, 6.5, 6.7, 6.9, 7.2, 
7.7, 8.2, 8.5, 8.5, 8.7, 8.5, 8.1, 8.1, 8.2, 8, 7.7, 7.7, 7.4, 
7.2, 6.8, 6.5, 6.3, 6, 5.8, 5.4, 5.1, 4.9, 4.9, 4.6, 4.5, 4.4, 
4.5, 4.4, 4, 4.8, 5.5, 5.1, 4.6, 4.3, 4.1, 3.8, 3.5, 3.3), `periode 2011q1 - 2014q1` = c(17.0044052863436, 
16.9029991215962, 16.8467336683417, 15.4553470210354, 14.8026730551002, 
13.8057344953897, 13.5073492143943, 12.9389312977099, 12.3319247022666, 
11.7472979927946, 12.2868217054264, 12.4951443739479, 13.5107073329007, 
NA, NA, NA, NA, NA, NA, NA, NA, NA, NA, NA, NA, NA, NA, NA, NA, 
NA, NA, NA, NA, NA, NA, NA, NA, NA, NA, NA, NA, NA, NA, NA, NA, 
NA), `periode 2014q1 - 2019q4` = c(NA, NA, NA, NA, NA, NA, NA, 
NA, NA, NA, NA, NA, 13.5107073329007, 13.9375081032024, 14.6796116504854, 
15.3528043422073, 16.0953608247423, 16.745919547616, 17.0210040983607, 
18.1968885488396, 19.0615835777126, 19.6197718631179, 20.4210260935333, 
21.4590122837804, 23.1257783312578, 25.3216229589312, 26.2369551872314, 
27.6017548135511, 28.5593425187334, 30.1514787208464, 31.1626239694109, 
31.3390313390313, 33.0898810224997, 33.1571529245948, 33.3177132146204, 
33.3450046685341, NA, NA, NA, NA, NA, NA, NA, NA, NA, NA), `periode 2019q4 - 2020q1` = c(NA, 
NA, NA, NA, NA, NA, NA, NA, NA, NA, NA, NA, NA, NA, NA, NA, NA, 
NA, NA, NA, NA, NA, NA, NA, NA, NA, NA, NA, NA, NA, NA, NA, NA, 
NA, NA, 33.3450046685341, 25.3790529507814, NA, NA, NA, NA, NA, 
NA, NA, NA, NA), `periode 2020q1 - 2020q3` = c(NA, NA, NA, NA, 
NA, NA, NA, NA, NA, NA, NA, NA, NA, NA, NA, NA, NA, NA, NA, NA, 
NA, NA, NA, NA, NA, NA, NA, NA, NA, NA, NA, NA, NA, NA, NA, NA, 
25.3790529507814, 23.9893488259501, 25.7329376854599, NA, NA, 
NA, NA, NA, NA, NA), `periode 2020q3 - 2022q2` = c(NA, NA, NA, 
NA, NA, NA, NA, NA, NA, NA, NA, NA, NA, NA, NA, NA, NA, NA, NA, 
NA, NA, NA, NA, NA, NA, NA, NA, NA, NA, NA, NA, NA, NA, NA, NA, 
NA, NA, NA, 25.7329376854599, 25.9738717339667, 29.5895300416419, 
38.0410557184751, 42.6414659444509, 44.8232467681043, 50.9730708305046, 
52.3964530250309)), row.names = c(NA, 46L), class = "data.frame")
