structure(list(c(2020, 2020, 2020, 2020, 2020, 2020, 2020, 2020, 
2020, 2020, 2021, 2021, 2021, 2021, 2021, 2021, 2021, 2021, 2021, 
2021), c(1, 2, 3, 4, 5, 6, 7, 8, 9, 10, 1, 2, 3, 4, 5, 6, 7, 
8, 9, 10), c(16, 18, 16, 16, 15, 14, 13, 11, 10, 7, 10, 9, 7, 
5, 4, 3, 3, 2, 2, 2), c(5, 4, 3, 3, 2, 2, 1, 1, 1, 1, 3, 2, 2, 
1, 1, 1, 0, 0, 0, 0), c(11, 11, 9, 7, 6, 5, 4, 3, 2, 1, 9, 7, 
5, 3, 3, 2, 1, 1, 1, 1)), names = c(NA, "Inkomensdeciel", "Nederland", 
"Europa (exclusief Nederland)", "Buiten Europa"), row.names = c(NA, 
20L), class = "data.frame")
