structure(list(X1 = c("jongens", "meisjes", NA, "nederlands", 
"westers", "niet-westers", NA, "laag inkomen", "midden inkomen", 
"hoog inkomen", NA, "ouders geen HO", "ouders HO "), `als centraal examen meetelt` = c(8.723, 
9.711, 0, 8.177, 10.551, 16.969, 0, 10.561, 9.359, 8.699, 0, 
11.197, 8.027), `als centraal examen niet meetelt` = c(8.752, 
5.072, NA, 6.348, 7.359, 9.672, NA, 7.68, 6.888, 6.345, NA, 7.971, 
6.001)), row.names = c(NA, 13L), class = "data.frame")
