structure(list(X1 = c(2008, 2009, 2010, 2011, 2012, 2013, 2014, 
2015, 2016, 2017, 2018, 2019, 2020, 2021), `consumptie huishoudens` = c(0.7, 
-0.5, 0, 0, -0.3, -0.6, 0.1, 0.4, 0.3, 0.4, 0.6, 0.2, -2.2, 0.8
), `investeringen in woningen` = c(-0.2, -0.8, -0.7, -0.2, -0.4, 
-0.2, 0.1, 0.5, 0.7, 0.4, 0.3, 0.1, -0.2, -0.1), bedrijfsinvesteringen = c(0, 
-0.8, 0.2, 0.3, -0.3, -0.1, 0.1, 0.3, 0.3, 0.1, 0.2, 0.4, -1.1, 
0.2), overheidsbestedingen = c(0.9, 0.9, 0.1, -0.1, -0.5, 0, 
-0.1, 0, 0.3, 0.2, 0.2, 0.5, 0.5, 0.9), uitvoer = c(0.8, -2.4, 
1.8, 1.5, 0.5, 0.7, 1.2, 0.7, 0.7, 1.8, 1.3, 0.5, -3.4, 1.5), 
    `bbp-groei` = c(2.2, -3.7, 1.3, 1.6, -1, -0.1, 1.4, 2, 2.2, 
    2.9, 2.6, 1.8, -6.4, 3.3)), row.names = c(NA, 14L), class = "data.frame")
