structure(list(student = c(1.6, 1.8070237839141, 1.94), `onder mediaan inkomen` = c(0.7, 
0.960109820784745, 1.2), `laag opgeleid` = c(-0.0218660702978933, 
-0.00107671602036427, 0.0197126381155062), man = c(-0.00913836912714902, 
0.0115246092145859, 0.0321875869896865), alleenstaand = c(0.0810641068024103, 
0.102942842508541, 0.124821578214671), `jonger dan 30` = c(0.107059898006564, 
0.139287296717025, 0.171514704493632), `ouder dan 50` = c(0.0250224155967041, 
0.0461294385501591, 0.0672364592370771), `westerse migratieachtergrond` = c(0.17021849923489, 
0.207878659985665, 0.245538820736441), `niet-westerse migratieachtergrond` = c(0.22, 
0.336012754691659, 0.45)), row.names = c(NA, 3L), class = "data.frame")
