structure(list(`Alle huishoudens` = c(NA, -0.0787, 0.83, 0.0503, 
0.0943, 0.1603), Inkomensgroepen = c("1-20%", "-5.4699999999999999E-2", 
"-0.17", "2.23E-2", "5.7299999999999997E-2", "0.17530000000000001"
), Inkomensgroepen = c("21-40%", "-6.1699999999999998E-2", "2.93E-2", 
"6.93E-2", "0.12230000000000001", "0.18429999999999999"), Inkomensgroepen = c("41-60%", 
"-6.3700000000000007E-2", "2.4299999999999999E-2", "6.7299999999999999E-2", 
"0.10929999999999999", "0.1663"), Inkomensgroepen = c("61-80%", 
"-5.8700000000000002E-2", "2.4299999999999999E-2", "5.9299999999999999E-2", 
"9.0300000000000005E-2", "0.1323"), Inkomensgroepen = c("81-100%", 
"-0.13070000000000001", "-0.97", "4.0300000000000002E-2", "7.3300000000000004E-2", 
"0.1133"), Inkomensbron = c("Werkenden", "-9.6699999999999994E-2", 
"0.63", "5.2299999999999999E-2", "9.0300000000000005E-2", "0.1343"
), Inkomensbron = c("Uitkeringsgerechtigden", "-8.1699999999999995E-2", 
"-0.17", "3.8300000000000001E-2", "7.0300000000000001E-2", "0.17430000000000001"
), Inkomensbron = c("Gepensioneerden", "-0.67", "1.43E-2", "5.33E-2", 
"0.1273", "0.18329999999999999"), Huishoudtype = c("Tweeverdieners", 
"-7.17E-2", "2.63E-2", "6.93E-2", "0.1153", "0.17929999999999999"
), Huishoudtype = c("Alleenstaanden", "-8.1699999999999995E-2", 
"0.13", "3.4299999999999997E-2", "6.6299999999999998E-2", "0.1153"
), Huishoudtype = c("Alleenverdieners", "-0.1027", "-0.17", "5.5300000000000002E-2", 
"0.1053", "0.15629999999999999"), Gezinssamenstelling = c("Met kinderen", 
"-0.1087", "-0.47", "4.3299999999999998E-2", "8.2299999999999998E-2", 
"0.14729999999999999"), Gezinssamenstelling = c("Zonder kinderen", 
"-8.6699999999999999E-2", "0.83", "5.1299999999999998E-2", "9.1300000000000006E-2", 
"0.1363")), row.names = c(NA, 6L), class = "data.frame")
