structure(list(date = structure(c(18265, 18272, 18279, 18286, 
18293, 18300, 18307, 18314, 18321, 18328, 18335, 18342, 18349, 
18356, 18363, 18370, 18377, 18384, 18391, 18398, 18405, 18412, 
18419, 18426, 18433, 18440, 18447, 18454, 18461, 18468, 18475, 
18482, 18489, 18496, 18503, 18510, 18517, 18524, 18531, 18538, 
18545, 18552, 18559, 18566, 18573, 18580), class = "Date"), `Totaal leeftijd` = structure(c(2245L, 
3364L, 3157L, 3046L, 3164L, 3196L, 3198L, 2959L, 3098L, 3107L, 
3218L, 3614L, 4458L, 5085L, 4982L, 4308L, 3910L, 3383L, 2989L, 
2777L, 2770L, 2732L, 2682L, 2689L, 2696L, 2659L, 2638L, 2619L, 
2528L, 2673L, 2666L, 2642L, 3209L, 2856L, 2735L, 2692L, 2742L, 
2721L, 2891L, 3002L, 3022L, 3222L, 3448L, 3687L, 3589L, 3580L
), label = "Overledenen"), `0 tot 65 jaar` = structure(c(272L, 
432L, 418L, 354L, 450L, 401L, 408L, 340L, 404L, 394L, 410L, 448L, 
501L, 499L, 485L, 426L, 455L, 445L, 391L, 374L, 367L, 371L, 386L, 
405L, 375L, 381L, 402L, 390L, 373L, 407L, 376L, 420L, 463L, 417L, 
353L, 416L, 396L, 395L, 394L, 434L, 379L, 432L, 425L, 409L, 434L, 
435L), label = "Overledenen"), `65 tot 80 jaar` = structure(c(632L, 
966L, 912L, 936L, 923L, 982L, 938L, 870L, 911L, 889L, 948L, 1080L, 
1402L, 1503L, 1435L, 1234L, 1155L, 1001L, 915L, 835L, 805L, 858L, 
835L, 834L, 855L, 827L, 809L, 812L, 775L, 823L, 841L, 819L, 928L, 
863L, 865L, 828L, 898L, 845L, 880L, 918L, 990L, 987L, 1080L, 
1166L, 1111L, 1059L), label = "Overledenen"), `80 jaar of ouder` = structure(c(1341L, 
1966L, 1827L, 1756L, 1791L, 1813L, 1852L, 1749L, 1783L, 1824L, 
1860L, 2086L, 2555L, 3083L, 3062L, 2648L, 2300L, 1937L, 1683L, 
1568L, 1598L, 1503L, 1461L, 1450L, 1466L, 1451L, 1427L, 1417L, 
1380L, 1443L, 1449L, 1403L, 1818L, 1576L, 1517L, 1448L, 1448L, 
1481L, 1617L, 1650L, 1653L, 1803L, 1943L, 2112L, 2044L, 2086L
), label = "Overledenen")), row.names = c(NA, -46L), class = "data.frame")
