structure(list(age = c(1, 2, 3, 4, 5, 6, 7, 8, 9, 10, 11, 12, 
13, 14, 15, 16, 17, 18, 19, 20, 21, 22, 23, 24, 25, 26, 27, 28, 
29, 30, 31, 32, 33, 34, 35, 36, 37, 38, 39, 40, 41, 42, 43, 44, 
45, 46, 47, 48, 49, 50, 51, 52, 53, 54, 55, 56, 57, 58, 59, 60, 
61, 62, 63, 64, 65, 66, 67, 68, 69, 70), productivity = c(1.31557938185026, 
1.21867702020354, 1.20214813517941, 1.1753866292543, 1.5717466385327, 
1.23877477743608, 1.19284724899265, 1.14434659665641, 1.48361767543057, 
1.25061459226869, 1.35363546497658, 1.33939970354054, 1.5353046242493, 
1.23952916258852, 1.29246163891786, 1.63303133727389, 1.37873719024086, 
1.63345992035269, 1.80797084051521, 1.46519815063103, 1.57978468508767, 
1.58202414959492, 1.75359444434602, 1.84067122420075, 1.81238819753349, 
1.92399530375014, 1.50332378857048, 1.64557010877337, 1.88302165012049, 
1.72235864830274, 2.02362263542667, 1.73665266552668, 1.73648937947342, 
1.6902799982742, 1.65370540526981, 1.92877791347883, 1.76775632578045, 
1.75637378507232, 2.0799650864913, 1.99272463148909, 1.89809431378864, 
1.86608266582199, 2.08489397305913, 2.15473411550245, 1.97318238071023, 
2.24459682462392, 2.00510719673503, 2.24931128361926, 2.37020251392713, 
2.16227818805736, 2.4962188381131, 2.13263084980103, 2.53555235416418, 
2.48004954863226, 2.33145516236903, 2.69951668653546, 2.44264419153776, 
2.76113027162544, 2.49478609755578, 2.38077367208213, 2.78223903452264, 
2.62471908687206, 2.48567912826335, 2.98085881499249, 2.55850394086367, 
3.04804517281789, 2.68111361076367, 2.99716957257967, 2.71220203762654, 
2.90949316612425), observations = c(4, 12, 8, 16, 4, 12, 8, 16, 
4, 12, 8, 16, 4, 12, 8, 16, 4, 12, 8, 16, 4, 12, 8, 16, 4, 12, 
8, 16, 4, 12, 8, 16, 4, 12, 8, 16, 4, 12, 8, 16, 4, 12, 8, 16, 
4, 12, 8, 16, 4, 12, 8, 16, 4, 12, 8, 16, 4, 12, 8, 16, 4, 12, 
8, 16, 4, 12, 8, 16, 4, 12)), row.names = c(NA, 70L), class = "data.frame")
