structure(list(date = structure(c(9131, 9221, 9312, 9404, 9496, 
9587, 9678, 9770, 9862, 9952, 10043, 10135, 10227, 10317, 10408, 
10500, 10592, 10682, 10773, 10865, 10957, 11048, 11139, 11231, 
11323, 11413, 11504, 11596, 11688, 11778, 11869, 11961, 12053, 
12143, 12234, 12326, 12418, 12509, 12600, 12692, 12784, 12874, 
12965, 13057, 13149, 13239, 13330, 13422, 13514, 13604, 13695, 
13787, 13879, 13970, 14061, 14153, 14245, 14335, 14426, 14518, 
14610, 14700, 14791, 14883, 14975, 15065, 15156, 15248, 15340, 
15431, 15522, 15614, 15706, 15796, 15887, 15979, 16071, 16161, 
16252, 16344, 16436, 16526, 16617, 16709, 16801, 16892, 16983, 
17075, 17167, 17257, 17348, 17440, 17532, 17622, 17713, 17805, 
17897, 17987, 18078, 18170, 18262, 18353, 18444, 18536, 18628, 
18718, 18809, 18901, 18993), class = "Date"), Nederland = structure(c(41.4, 
41.9, 43.1, 43.6, 44.8, 46.4, 48, 49, 50.6, 52, 53.5, 54.6, 55.9, 
57.4, 59.3, 61, 63.4, 66.1, 69.6, 72.6, 75.9, 78.9, 82.3, 84.2, 
86.2, 88.5, 90.8, 91.6, 93.2, 94.5, 96.1, 96, 96.9, 97.9, 98.8, 
99.9, 101, 102.1, 103.6, 103.9, 104.9, 106.1, 107.4, 108.1, 109.7, 
111, 112.4, 112.9, 114.2, 115.6, 117.3, 117.7, 119.2, 119.3, 
120.6, 119.7, 118.9, 115.9, 114.3, 113.3, 113.2, 113.3, 113.4, 
112.1, 111.5, 111, 110.2, 108.3, 106.9, 104.9, 100.7, 100.1, 
97.8, 95.8, 96.1, 95.8, 96.3, 96.9, 97.8, 97.9, 98.6, 99.4, 100.7, 
101.3, 102.6, 103.7, 106.3, 107.5, 109.6, 111.7, 114.4, 116.3, 
119.4, 121.6, 124.9, 126.7, 128.9, 130.4, 132.7, 134.6, 137.5, 
140.2, 143.5, 146.4, 151.7, 158.4, 168.6, 175.1, 182.4), label = "Prijsindex verkoopprijzen"), 
    `'s-Gravenhage (gemeente)` = structure(c(39.5, 39.8, 40.6, 
    40.7, 41.5, 42.5, 44, 44.4, 45.3, 47.2, 48.7, 49.4, 49.9, 
    52.1, 54.4, 55.3, 55.1, 58, 61.8, 63.9, 65.9, 69.4, 73.2, 
    76.7, 77.7, 81, 83.7, 85.2, 86.2, 88.3, 89.2, 90, 91.8, 92, 
    93.6, 94.5, 95, 96.4, 98.4, 99.5, 99.8, 100.2, 103, 102.8, 
    103.1, 105.8, 107.8, 108.2, 108.9, 109.8, 112.3, 113.3, 113.4, 
    114.6, 115.8, 116, 114.3, 110.6, 111.9, 110.2, 109.8, 110.1, 
    110.3, 110.5, 108.8, 108.8, 108.7, 106.7, 105.4, 102.2, 98.8, 
    96.9, 93.5, 93.2, 94.2, 94.5, 95.1, 94.7, 96.9, 98, 97.5, 
    98.8, 100.8, 102.9, 104.3, 106.7, 109.2, 112.8, 115.6, 117.9, 
    121.9, 125.9, 129.4, 133.3, 137.5, 141.2, 142, 145.5, 146.5, 
    150.5, 152.3, 155.7, 158.3, 162.1, 166.6, 176.3, 185.7, 191.1, 
    197.5), label = "Prijsindex verkoopprijzen")), row.names = c(NA, 
-109L), class = "data.frame")
