structure(list(structure(c(18295, 18296, 18297, 18298, 18299, 
18302, 18303, 18304, 18305, 18306, 18309, 18310, 18311, 18312, 
18313, 18316, 18317, 18318, 18319, 18320, 18323, 18324, 18325, 
18326, 18327, 18330, 18331, 18332, 18333, 18334, 18337, 18338, 
18339, 18340, 18341, 18344, 18345, 18346, 18347, 18348, 18351, 
18352, 18353, 18354, 18355, 18358, 18359, 18360, 18361, 18366, 
18367, 18368, 18369, 18372, 18373, 18374, 18375, 18376, 18379, 
18380, 18381, 18382, 18386, 18387, 18388, 18389, 18390, 18393, 
18394, 18395, 18396, 18397, 18400, 18401), class = "Date"), c(1.652, 
1.583, 1.545, 1.515, 1.449, 1.44, 1.425, 1.353, 1.335, 1.344, 
1.359, 1.386, 1.389, 1.425, 1.392, 1.481, 1.574, 1.712, 1.809, 
1.963, 1.999, 1.944, 1.861, 1.98, 2.165, 2.748, 2.475, 2.302, 
2.498, 2.553, 3.028, 3.946, 4.135, 2.573, 2.789, 2.864, 2.778, 
2.698, 1.985, 2.06, 2.131, 2.112, 2.229, 2.21, 2.413, 2.322, 
2.136, 2.139, 2.174, 2.265, 2.484, 2.576, 2.584, 2.57, 2.764, 
2.946, 2.763, 2.776, 2.665, 2.64, 2.678, 2.758, 2.729, 2.774, 
2.688, 2.741, 2.722, 2.685, 2.657, 2.624, 2.588, 2.588, 2.471, 
2.332), c(1.393, 1.351, 1.33, 1.334, 1.331, 1.362, 1.366, 1.289, 
1.285, 1.325, 1.309, 1.331, 1.37, 1.359, 1.338, 1.449, 1.5, 1.496, 
1.617, 1.73, 1.767, 1.614, 1.655, 1.75, 1.795, 2.288, 2.178, 
1.947, 2.572, 2.368, 2.625, 2.815, 2.611, 2.006, 1.997, 1.978, 
1.906, 1.823, 1.591, 1.816, 2.001, 2.017, 1.958, 1.92, 1.992, 
1.919, 1.93, 1.969, 1.954, 2.179, 2.373, 2.322, 2.285, 2.399, 
2.688, 2.48, 2.414, 2.338, 2.22, 2.201, 2.266, 2.358, 2.326, 
2.451, 2.494, 2.475, 2.389, 2.399, 2.404, 2.335, 2.37, 2.387, 
2.171, 2.107), c(0.677, 0.656, 0.64, 0.668, 0.663, 0.663, 0.668, 
0.64, 0.637, 0.647, 0.647, 0.642, 0.648, 0.635, 0.617, 0.665, 
0.698, 0.72, 0.86, 0.911, 0.926, 0.829, 0.836, 0.935, 0.966, 
1.193, 1.23, 1.122, 1.415, 1.34, 1.532, 1.693, 1.637, 1.281, 
1.241, 1.315, 1.373, 1.268, 1.056, 1.102, 1.169, 1.305, 1.324, 
1.266, 1.301, 1.256, 1.202, 1.247, 1.235, 1.297, 1.403, 1.455, 
1.453, 1.504, 1.653, 1.696, 1.629, 1.573, 1.494, 1.448, 1.409, 
1.416, 1.436, 1.486, 1.493, 1.499, 1.471, 1.464, 1.434, 1.385, 
1.416, 1.421, 1.331, 1.244), c(0.689, 0.673, 0.657, 0.667, 0.675, 
0.672, 0.663, 0.687, 0.69, 0.699, 0.693, 0.695, 0.693, 0.675, 
0.656, 0.694, 0.727, 0.755, 0.848, 0.907, 0.912, 0.813, 0.816, 
0.901, 0.931, 1.129, 1.155, 1.012, 1.22, 1.181, 1.302, 1.483, 
1.463, 1.099, 1.096, 1.147, 1.22, 1.145, 0.927, 1.013, 1.092, 
1.151, 1.159, 1.147, 1.189, 1.145, 1.126, 1.152, 1.132, 1.221, 
1.33, 1.305, 1.289, 1.349, 1.482, 1.546, 1.473, 1.431, 1.351, 
1.319, 1.301, 1.322, 1.397, 1.44, 1.424, 1.441, 1.407, 1.401, 
1.375, 1.342, 1.367, 1.37, 1.282, 1.182), c(0.321, 0.315, 0.278, 
0.284, 0.283, 0.308, 0.326, 0.302, 0.302, 0.304, 0.287, 0.289, 
0.301, 0.292, 0.283, 0.313, 0.335, 0.362, 0.41, 0.449, 0.45, 
0.434, 0.427, 0.478, 0.537, 0.704, 0.712, 0.624, 0.814, 0.74, 
0.772, 0.797, 0.739, 0.583, 0.589, 0.64, 0.64, 0.606, 0.509, 
0.525, 0.542, 0.566, 0.623, 0.655, 0.681, 0.699, 0.665, 0.643, 
0.595, 0.624, 0.644, 0.658, 0.664, 0.696, 0.726, 0.727, 0.709, 
0.693, 0.668, 0.67, 0.655, 0.678, 0.683, 0.69, 0.694, 0.693, 
0.677, 0.701, 0.651, 0.635, 0.641, 0.635, 0.622, 0.595)), names = c(NA, 
"Griekenland", "Italië", "Portugal ", "Spanje", "Ierland"), row.names = c(NA, 
74L), class = "data.frame")
