structure(list(X1 = c(1, 2, 3, 4, 5, 5, 5, 6, 7, 8, 9, 0, 8, 
9, 10, 11, 11, 12, 13, 13, 12), `continuous line` = c(2, 2, 2, 
2, 2, 2, 3, 3, 3, 3, 3, NA, NA, NA, NA, NA, NA, NA, NA, NA, NA
), `line with gaps` = c(0.5, 0.5, 0.5, 0.5, 0.5, NA, 1.5, 1.5, 
1.5, 1.5, 1.5, NA, 1, 1, 1, 2, NA, 2, 2, 3, 3)), row.names = c(NA, 
21L), class = "data.frame")
