structure(list(year = c(0.9, 1.9, 2.9, 3.9, 4.9, 5.9, 6.9, 7.9, 
8.9, 9.9, 10.9, 11.9, 12.9, 13.9, 14.9, 1.1, 2.1, 3.1, 4.1, 5.1, 
6.1, 7.1, 8.1, 9.1, 10.1, 11.1, 12.1, 13.1, 14.1, 15.1), `Social domain` = c(0.0650170556861893, 
0.0795920106481729, 0.0623879579088985, 0.0561888221124407, 0.0511489135225571, 
0.0735538701695395, 0.0747828624213672, 0.0725367657262854, 0.0586795427884404, 
0.0894015411915031, 0.0523022746878296, 0.0327958010553023, -0.00845373713789021, 
-0.0052570933852928, 0.0695158040337013, NA, NA, NA, NA, NA, 
NA, NA, NA, NA, NA, NA, NA, NA, NA, NA), `Physical domain` = c(NA, 
NA, NA, NA, NA, NA, NA, NA, NA, NA, NA, NA, NA, NA, NA, 0.0711773941819109, 
0.0401550238569459, 0.0903682860277065, 0.0891951791570223, 0.0805605727305869, 
0.147578816925893, 0.068630224214921, 0.00306790871862447, 0.0108749069626883, 
-0.0645441717269254, -0.0937000050665248, 0.155020127659166, 
-0.0475954778663909, -0.00156052523119163, 0.037582629200531), 
    `5-95% convidence interval` = c(0.0252331954127231, 0.0301138337268273, 
    0.0203590167731063, 0.0126163682804075, 0.012628288391944, 
    0.0186955534292783, 0.020303809896362, 0.00954065721614816, 
    0.000851706304924642, 0.0214215332860428, -0.00670340287151918, 
    -0.0311817230786854, -0.0976178778592292, -0.0990760811631603, 
    -0.132886782251164, NA, NA, NA, NA, NA, NA, NA, NA, NA, NA, 
    NA, NA, NA, NA, NA), `5-95% convidence interval` = c(0.104800915959656, 
    0.129070187569519, 0.104416899044691, 0.0997612759444738, 
    0.0896695386531702, 0.128412186909801, 0.129261914946372, 
    0.135532874236423, 0.116507379271956, 0.157381549096964, 
    0.111307952247178, 0.09677332518929, 0.0807104035834488, 
    0.0885618943925747, 0.271918390318567, NA, NA, NA, NA, NA, 
    NA, NA, NA, NA, NA, NA, NA, NA, NA, NA), `interval-2` = c(NA, 
    NA, NA, NA, NA, NA, NA, NA, NA, NA, NA, NA, NA, NA, NA, -0.00442340730854593, 
    -0.035577821602348, 0.0116716492600629, 0.00858492869627706, 
    0.00590141265170965, 0.0549428900299458, -0.0101179322130616, 
    -0.0678382035871029, -0.0687503338839427, -0.166753019813057, 
    -0.221587364207438, -0.191498767956964, -0.186018372374256, 
    -0.203062403580338, -0.141767645468954), `interval-2` = c(NA, 
    NA, NA, NA, NA, NA, NA, NA, NA, NA, NA, NA, NA, NA, NA, 0.146778195672368, 
    0.11588786931624, 0.16906492279535, 0.169805429617768, 0.155219732809464, 
    0.24021474382184, 0.147378380642904, 0.0739740210243519, 
    0.0905001478093193, 0.0376646763592059, 0.0341873540743887, 
    0.501539023275296, 0.090827416641474, 0.199941353117954, 
    0.216932903870016)), row.names = c(NA, 30L), class = "data.frame")
