structure(list(c("Spanje", "Italië", "Frankrijk", "Portugal", 
"Duitsland", "België", "VK", "Griekenland", "Ierland", "Nederland"
), c(48.04125364, 6.30080802, 4.16227760000001, 1.57141794, 1.99600464000001, 
1.34525086, 2.05044070000001, 0.12188338, 0.371825240000001, 
0.976480519999995), c(8.60777993999999, 52.07605098, 10.69151748, 
1.16440942, 4.91766524, 4.52410782, 2.73477774, 0.813498119999999, 
0.235539400000001, 0.306271799999996), c(0.000101420000003145, 
0.0319258800000048, 0.0429272800000035, 0.00239784000000009, 
0.089425559999996, 0.000125300000000607, 0.090982459999992, 3.41135724, 
0, 0), c(0.0208848000000035, 0.202088139999996, 0.837634119999995, 
0.18602798, 0.373802740000005, 0.36421942, 0.233869739999984, 
0, 2.55755094, 0.0922635599999994), c(2.66626802, 0.25407232, 
1.14331116, 6.2059033, 0.560170719999997, 0.875026600000001, 
0.284399900000019, 0.0272138800000002, 0.0805242200000002, 0.00196297999999661
), c(0.266603529819821, 0.332573525443391, 0.0374808338484746, 
0.418431152289521, 0.0390978206275708, 0.16433477382027, 0.0136979381677682, 
0.152985732574037, 0.081625946447604, 0.00928831970657476)), names = c(NA, 
"Spanje", "Italië", "Griekenland", "Ierland", "Portugal", "als %EV (PIIGS)"
), row.names = c(NA, 10L), class = "data.frame")
