structure(list(huishoudinkomen = c(5000, 6000, 7000, 8000, 9000, 
10000, 11000, 12000, 13000, 14000, 15000, 16000, 17000, 18000, 
19000, 20000, 21000, 22000, 23000, 24000, 25000, 26000, 27000, 
28000, 29000, 30000, 31000, 32000, 33000, 34000, 35000, 36000, 
37000, 38000, 39000, 40000, 41000, 42000, 43000, 44000, 45000, 
46000, 47000, 48000, 49000, 50000, 51000, 52000, 53000, 54000, 
55000, 56000, 57000, 58000, 59000, 60000, 61000, 62000, 63000, 
64000, 65000, 66000, 67000, 68000, 69000, 70000, 71000, 72000, 
73000, 74000, 75000, 76000, 77000, 78000, 79000, 80000, 81000, 
82000, 83000, 84000, 85000, 86000, 87000, 88000, 89000, 90000, 
91000, 92000, 93000, 94000, 95000, 96000, 97000, 98000, 99000, 
1e+05), `kindgebonden budget` = c(2222, 2222, 2222, 2222, 2222, 
2222, 2222, 2222, 2222, 2222, 2222, 2222, 2222, 2222, 2222, 2222, 
2222, 2222, 2222, 2222, 2222, 2222, 2222, 2222, 2222, 2222, 2222, 
2222, 2222, 2222, 2222, 2222, 2222, 2222, 2204.6201, 2137.1201, 
2069.6201, 2002.1201, 1934.6201, 1867.1201, 1799.6201, 1732.1201, 
1664.6201, 1597.1201, 1529.6201, 1462.1201, 1394.6201, 1327.1201, 
1259.6201, 1192.1201, 1124.6201, 1057.1201, 989.620100000001, 
922.120100000001, 854.6201, 787.1201, 719.6201, 652.1201, 584.6201, 
517.1201, 449.6201, 382.1201, 314.6201, 247.1201, 179.6201, 112.120100000001, 
44.6201000000005, 0, 0, 0, 0, 0, 0, 0, 0, 0, 0, 0, 0, 0, 0, 0, 
0, 0, 0, 0, 0, 0, 0, 0, 0, 0, 0, 0, 0, 0), zorgtoeslag = c(2663.7907030338, 
2663.7907030338, 2663.7907030338, 2663.7907030338, 2663.7907030338, 
2663.7907030338, 2663.7907030338, 2663.7907030338, 2663.7907030338, 
2663.7907030338, 2663.7907030338, 2663.7907030338, 2663.7907030338, 
2663.7907030338, 2663.7907030338, 2663.7907030338, 2663.7907030338, 
2663.7907030338, 2545.7153190338, 2409.9153190338, 2274.1153190338, 
2138.3153190338, 2002.5153190338, 1866.7153190338, 1730.9153190338, 
1595.1153190338, 1459.3153190338, 1323.5153190338, 1187.7153190338, 
1051.9153190338, 916.1153190338, 780.3153190338, 644.5153190338, 
508.7153190338, 372.9153190338, 237.1153190338, 101.3153190338, 
0, 0, 0, 0, 0, 0, 0, 0, 0, 0, 0, 0, 0, 0, 0, 0, 0, 0, 0, 0, 0, 
0, 0, 0, 0, 0, 0, 0, 0, 0, 0, 0, 0, 0, 0, 0, 0, 0, 0, 0, 0, 0, 
0, 0, 0, 0, 0, 0, 0, 0, 0, 0, 0, 0, 0, 0, 0, 0, 0), `huurtoeslag (huur 500 euro)` = c(2966.76, 
2966.76, 2966.76, 2966.76, 2966.76, 2966.76, 2966.76, 2966.76, 
2966.76, 2966.76, 2966.76, 2966.76, 2966.76, 2966.76, 2966.76, 
2966.76, 2966.76, 2966.76, 2806.65320170771, 2578.37427451014, 
2341.46698308339, 2095.93132742748, 1841.76730754239, 1578.97492342813, 
1307.5541750847, 1027.50506251209, 738.827585710308, 443.69113404158, 
244.833900622498, 40.3682304544521, 0, 0, 0, 0, 0, 0, 0, 0, 0, 
0, 0, 0, 0, 0, 0, 0, 0, 0, 0, 0, 0, 0, 0, 0, 0, 0, 0, 0, 0, 0, 
0, 0, 0, 0, 0, 0, 0, 0, 0, 0, 0, 0, 0, 0, 0, 0, 0, 0, 0, 0, 0, 
0, 0, 0, 0, 0, 0, 0, 0, 0, 0, 0, 0, 0, 0, 0)), row.names = c(NA, 
96L), class = "data.frame")
