structure(list(c(0, 1, 2, 3, 4, 5, 6, 7, 8, 9, 10, 11, 12), c(100, 
98.4500898199354, 90.1458114511087, 97.1268568058241, 97.0133715724413, 
96.5650534306822, 97.8725939233571, 99.8435349931618, 100.807900603904, 
101.372805926874, 101.908373152487, 102.291542274006, 102.684560955703
), c(100, 99.8778519687559, 99.2187172904537, 95.659395447989, 
95.6617951394821, 96.0451195174144, 96.6236266073204, 96.480951517324, 
96.9042738297587, 97.3321750050551, 98.4297846441471, 99.0171271556597, 
98.928442807768)), names = c(NA, "bbp tijdens coronacrisis (4e kw 2019 = 0)", 
"bbp tijdens financiële crisis (2e kw 2008 = 0)"), row.names = c(NA, 
13L), class = "data.frame")
