structure(list(c(-3.26666666666667, -3.03333333333333, -2.8, 
-2.56666666666667, -2.33333333333333, -2.1, -1.86666666666667, 
-1.63333333333333, -1.4, -1.16666666666667, -0.933333333333333, 
-0.7, -0.466666666666667, -0.233333333333333, 0, 0.233333333333333, 
0.466666666666667, 0.7, 0.933333333333334, 1.16666666666667, 
1.4, 1.63333333333333, 1.86666666666667, 2.1, 2.33333333333333, 
2.56666666666667, 2.8, 3.03333333333333, 3.26666666666667), c(-0.00384359593870402, 
-0.00592967302766835, -0.00983724955233198, -0.0167262486449783, 
-0.0281436870630615, -0.0459053939497792, -0.0717888740402672, 
-0.107023435335602, -0.151649263605097, -0.203920483523411, -0.25999962387259, 
-0.314175731336113, -0.359705227137321, -0.390150468692899, -0.400864078370785, 
-0.390150468692899, -0.359705227137321, -0.314175731336113, -0.25999962387259, 
-0.203920483523411, -0.151649263605097, -0.107023435335602, -0.0717888740402672, 
-0.0459053939497792, -0.0281436870630615, -0.0167262486449783, 
-0.00983724955233198, -0.00592967302766835, -0.00384359593870402
), c(-0.00592967302766835, -0.00801575011663269, -0.0119233266412963, 
-0.0188123257339427, -0.0302297641520259, -0.0479914710387435, 
-0.0738749511292315, -0.109109512424566, -0.153735340694061, 
-0.206006560612375, -0.262085700961554, -0.316261808425078, -0.361791304226285, 
-0.392236545781863, -0.402950155459749, -0.392236545781863, -0.361791304226285, 
-0.316261808425078, -0.262085700961554, -0.206006560612375, -0.153735340694061, 
-0.109109512424566, -0.0738749511292316, -0.0479914710387436, 
-0.0302297641520259, -0.0188123257339427, -0.0119233266412963, 
-0.00801575011663269, -0.00592967302766835), c(-0.00983724955233198, 
-0.0119233266412963, -0.0158309031659599, -0.0227199022586063, 
-0.0341373406766895, -0.0518990475634072, -0.0777825276538952, 
-0.11301708894923, -0.157642917218725, -0.209914137137039, -0.265993277486218, 
-0.320169384949741, -0.365698880750949, -0.396144122306527, -0.406857731984413, 
-0.396144122306527, -0.365698880750949, -0.320169384949741, -0.265993277486218, 
-0.209914137137039, -0.157642917218725, -0.11301708894923, -0.0777825276538952, 
-0.0518990475634072, -0.0341373406766895, -0.0227199022586063, 
-0.0158309031659599, -0.0119233266412963, -0.00983724955233198
), c(-0.0167262486449783, -0.0188123257339427, -0.0227199022586063, 
-0.0296089013512526, -0.0410263397693358, -0.0587880466560535, 
-0.0846715267465415, -0.119906088041876, -0.164531916311371, 
-0.216803136229685, -0.272882276578864, -0.327058384042388, -0.372587879843595, 
-0.403033121399173, -0.413746731077059, -0.403033121399173, -0.372587879843595, 
-0.327058384042388, -0.272882276578864, -0.216803136229685, -0.164531916311371, 
-0.119906088041876, -0.0846715267465415, -0.0587880466560535, 
-0.0410263397693358, -0.0296089013512526, -0.0227199022586063, 
-0.0188123257339427, -0.0167262486449783), c(-0.0281436870630615, 
-0.0302297641520259, -0.0341373406766895, -0.0410263397693358, 
-0.052443778187419, -0.0702054850741367, -0.0960889651646247, 
-0.13132352645996, -0.175949354729454, -0.228220574647768, -0.284299714996947, 
-0.338475822460471, -0.384005318261678, -0.414450559817256, -0.425164169495142, 
-0.414450559817256, -0.384005318261678, -0.338475822460471, -0.284299714996947, 
-0.228220574647768, -0.175949354729454, -0.13132352645996, -0.0960889651646248, 
-0.0702054850741368, -0.052443778187419, -0.0410263397693358, 
-0.0341373406766895, -0.0302297641520259, -0.0281436870630615
), c(-0.0459053939497792, -0.0479914710387435, -0.0518990475634072, 
-0.0587880466560535, -0.0702054850741367, -0.0879671919608544, 
-0.113850672051342, -0.149085233346677, -0.193711061616172, -0.245982281534486, 
-0.302061421883665, -0.356237529347188, -0.401767025148396, -0.432212266703974, 
-0.44292587638186, -0.432212266703974, -0.401767025148396, -0.356237529347188, 
-0.302061421883665, -0.245982281534486, -0.193711061616172, -0.149085233346677, 
-0.113850672051342, -0.0879671919608544, -0.0702054850741367, 
-0.0587880466560535, -0.0518990475634072, -0.0479914710387435, 
-0.0459053939497792), c(-0.0717888740402672, -0.0738749511292315, 
-0.0777825276538952, -0.0846715267465415, -0.0960889651646247, 
-0.113850672051342, -0.13973415214183, -0.174968713437165, -0.21959454170666, 
-0.271865761624974, -0.327944901974153, -0.382121009437676, -0.427650505238884, 
-0.458095746794462, -0.468809356472348, -0.458095746794462, -0.427650505238884, 
-0.382121009437676, -0.327944901974153, -0.271865761624974, -0.21959454170666, 
-0.174968713437165, -0.13973415214183, -0.113850672051342, -0.0960889651646247, 
-0.0846715267465415, -0.0777825276538952, -0.0738749511292315, 
-0.0717888740402672), c(-0.107023435335602, -0.109109512424566, 
-0.11301708894923, -0.119906088041876, -0.13132352645996, -0.149085233346677, 
-0.174968713437165, -0.2102032747325, -0.254829103001995, -0.307100322920309, 
-0.363179463269488, -0.417355570733011, -0.462885066534219, -0.493330308089797, 
-0.504043917767683, -0.493330308089797, -0.462885066534219, -0.417355570733011, 
-0.363179463269488, -0.307100322920309, -0.254829103001995, -0.2102032747325, 
-0.174968713437165, -0.149085233346677, -0.13132352645996, -0.119906088041876, 
-0.11301708894923, -0.109109512424566, -0.107023435335602), c(-0.151649263605097, 
-0.153735340694061, -0.157642917218725, -0.164531916311371, -0.175949354729454, 
-0.193711061616172, -0.21959454170666, -0.254829103001995, -0.29945493127149, 
-0.351726151189804, -0.407805291538983, -0.461981399002506, -0.507510894803714, 
-0.537956136359292, -0.548669746037178, -0.537956136359292, -0.507510894803714, 
-0.461981399002506, -0.407805291538982, -0.351726151189804, -0.29945493127149, 
-0.254829103001995, -0.21959454170666, -0.193711061616172, -0.175949354729454, 
-0.164531916311371, -0.157642917218725, -0.153735340694061, -0.151649263605097
), c(-0.203920483523411, -0.206006560612375, -0.209914137137039, 
-0.216803136229685, -0.228220574647768, -0.245982281534486, -0.271865761624974, 
-0.307100322920309, -0.351726151189804, -0.403997371108118, -0.460076511457297, 
-0.51425261892082, -0.559782114722028, -0.590227356277606, -0.600940965955492, 
-0.590227356277606, -0.559782114722028, -0.51425261892082, -0.460076511457297, 
-0.403997371108118, -0.351726151189804, -0.307100322920309, -0.271865761624974, 
-0.245982281534486, -0.228220574647768, -0.216803136229685, -0.209914137137039, 
-0.206006560612375, -0.203920483523411), c(-0.25999962387259, 
-0.262085700961554, -0.265993277486218, -0.272882276578864, -0.284299714996947, 
-0.302061421883665, -0.327944901974153, -0.363179463269488, -0.407805291538983, 
-0.460076511457297, -0.516155651806475, -0.570331759269999, -0.615861255071207, 
-0.646306496626785, -0.65702010630467, -0.646306496626785, -0.615861255071207, 
-0.570331759269999, -0.516155651806475, -0.460076511457297, -0.407805291538982, 
-0.363179463269488, -0.327944901974153, -0.302061421883665, -0.284299714996947, 
-0.272882276578864, -0.265993277486218, -0.262085700961554, -0.25999962387259
), c(-0.314175731336113, -0.316261808425078, -0.320169384949741, 
-0.327058384042388, -0.338475822460471, -0.356237529347188, -0.382121009437676, 
-0.417355570733011, -0.461981399002506, -0.51425261892082, -0.570331759269999, 
-0.624507866733522, -0.67003736253473, -0.700482604090308, -0.711196213768194, 
-0.700482604090308, -0.67003736253473, -0.624507866733522, -0.570331759269999, 
-0.51425261892082, -0.461981399002506, -0.417355570733011, -0.382121009437676, 
-0.356237529347188, -0.338475822460471, -0.327058384042388, -0.320169384949741, 
-0.316261808425078, -0.314175731336113), c(-0.359705227137321, 
-0.361791304226285, -0.365698880750949, -0.372587879843595, -0.384005318261678, 
-0.401767025148396, -0.427650505238884, -0.462885066534219, -0.507510894803714, 
-0.559782114722028, -0.615861255071207, -0.67003736253473, -0.715566858335938, 
-0.746012099891516, -0.756725709569402, -0.746012099891516, -0.715566858335938, 
