structure(list(c("North America", "Europe", "Asia", "South America", 
"Oceania", "Africa", "Middle America"), c(45939, 21574, 2876, 
1815, 1646, 89, 555), c(60423, 29990, 4708, 2568, 2366, 1411, 
733), c(64721, 32510, 5230, 2695, 2526, 1546, 773), c(68484, 
35218, 6662, 2845, 2691, 1663, 836), c(71799, 37598, 6856, 3000, 
2868, 1769, 911), c(76036, 40341, 8220, 3145, 3054, 1905, 1008
), c(79831, 43173, 9053, 3338, 3224, 2005, 1076)), names = c(NA, 
"1951", "1956", "1957", "1958", "1959", "1960", "1961"), row.names = c(NA, 
7L), class = "data.frame")
