structure(list(c(1, 2, 3, 4, 5, 6, 7, 8, 9, 10), c(57.2356453, 
22.9229603, 10.3312168, 5.27508497, 3.10765815, 1.98487711, 1.25074899, 
0.93325609, 0.66964287, 0.63004732), c(14.0296183, 33.553627, 
16.8182602, 7.465693, 3.60205841, 1.92472935, 1.04104257, 0.67580616, 
0.38932723, 0.24366471), c(7.00181866, 16.3141994, 28.1105194, 
15.1076422, 6.35657358, 3.1190927, 1.7076093, 1.01049113, 0.53467607, 
0.2993595), c(5.50792408, 10.1586103, 18.8776379, 30.1523361, 
16.4261932, 6.99432898, 3.5125823, 1.7892772, 0.98110467, 0.4560011
), c(3.89711618, 6.00453186, 10.2110863, 18.4565029, 30.4711933, 
16.5750122, 7.41461945, 3.4820106, 1.59883726, 0.68574214), c(2.77994275, 
3.77643514, 6.10949039, 10.0717611, 19.0192719, 31.2768517, 17.1509895, 
7.07987404, 3.02637053, 1.07212472), c(2.22135615, 2.45468283, 
3.79268932, 5.69054508, 9.77701569, 19.6597347, 32.7067108, 17.3199463, 
6.20847178, 1.80311894), c(1.93556774, 1.83157098, 2.41977, 3.62583399, 
5.73100615, 10.2509022, 20.7834034, 37.2530098, 17.7014122, 3.83945966
), c(1.92257726, 1.43504536, 1.73331046, 2.32909489, 3.3599031, 
5.3445611, 9.97603321, 22.5461807, 46.5739212, 14.1429968), c(3.46843338, 
1.54833841, 1.59601855, 1.82550669, 2.14912724, 2.86990881, 4.45626116, 
7.91015005, 22.3162384, 76.8274841)), names = c(NA, "1", "2", 
"3", "4", "5", "6", "7", "8", "9", "10"), row.names = c(NA, 10L
), class = "data.frame")
