structure(list(x = c(0, 1, 2, 3, 4, 5, 6), `(6 - x)^2` = c(36, 
25, 16, 9, 4, 1, 0), `x^2` = c(0, 1, 4, 9, 16, 25, 36)), row.names = c(NA, 
7L), class = "data.frame")
