structure(list(`random vector` = c(-1.46753673489872, 0.472234049664468, 
1.13112622777481, -1.3782915658465, 0.417547421338506, -0.0124409173699869, 
1.25747876562198, 1.81266529007226, 1.11379383361569, -0.109278150409822, 
0.322243134604025, -1.47816285431809, 1.10493933744107, 0.45340103071138, 
-0.767759871491593, 0.610903865321151, 0.7456282320952, 0.67521533626868, 
-0.72174293100438, 0.859660827384199, 0.51303057980781, -0.360329745082807, 
-1.21446581526093, 1.91627850176253, -1.16335705755564, 0.182583433654119, 
1.33106332326515, 1.2716627460405, 1.34399366292511, 1.26973180153428, 
-0.135602200043949, 0.844976944001451, 0.937406798119861, -0.984538481428825, 
-0.285291054486649, -0.83993143586338, 0.391694798213804, -1.83143002037841, 
0.502402996260509, 0.839299540621587, -0.88586003377727, 0.502723838727865, 
-0.204239146137936, -0.563801916623253, 0.634928045121392, -0.26424344849956, 
-0.492626710092586, -0.158419080476386, 0.590435073605126, -0.686885489451993, 
-1.43579829274125, 3.67389926826234, 0.0355739802320067, -1.05397071154595, 
-0.199503311449476, -0.745209201494318, 0.627887219492365, 0.145319884237713, 
0.830289275269878, 0.427484658751424, -0.238546260264091, 2.56297585649127, 
0.570498333579224, -0.617509691394598, 0.437310160756954, -0.553030661818388, 
-0.224964213543463, 0.461075256541259, -0.535137727627292, 2.0163982466983, 
0.797967253958562, -0.300701809236747, 0.22391223202499, 0.698971973179269, 
-0.380582594978022, 1.08207131335512, -0.859675641619344, 0.592696212356124, 
-0.849636536937965, 0.82493262991019, -0.475757265523621, 2.11637944763832, 
0.150745340539903, 0.644112137469976, -0.786621844828884, -0.245988461948276, 
-0.0322985017762141, -0.771700517282362, 0.906400193911704, 0.115325232590364, 
-0.0865186211164402, 1.06240185555237, 0.986493412311981, 0.703260680337325, 
0.819597692909237, -1.94770228983706, 0.573226366265931, -0.0844715669705994, 
-0.234657466550155, -0.395062988833279, -0.440419404588175, -2.27817305533747, 
0.0776786484939061, -1.72716148578528, -0.861605864356741, 0.918498098864325, 
1.43726596631734, 0.774661039426707, 0.955182567038349, 0.0963427456419181, 
0.592682203891877, 0.820815649806294, -1.15869199058513, 0.809386124947958, 
0.0435448052373482, 1.13303841156403, -0.306756658305526, 0.375367929139829, 
-0.551892002977306, 0.141314074673186, 0.894338581413101, 1.44168093786294, 
1.44532370473074, -0.262667250220311, -0.253389485889651, 2.56891256517276, 
0.856987545811139, 3.61878558317372, -0.878744085698248, -0.0377847537898329, 
0.5943424686048, -3.30668652749575, -0.0202416643847578, -1.58133210634684, 
0.394967568057764, -1.00821515682771, 1.09945380077699, -0.0993613543614953, 
-1.25556382391265, 1.69630903016679, 1.13626806172919, -2.00715661729738, 
1.18103774638607, 0.950324660608556, 1.37962031399446, 0.139564193914652, 
0.129479003481036, -0.826163186712971, 0.863062236959189, 0.756464779694135, 
0.768567509409082, 0.5802160914499, 1.07877717390101, 0.143366616687104, 
-0.0751896776618163, -0.330988983785005, 2.67501675316114, 0.557303984492332, 
-0.0318506938441913, 0.0872054916775911, -0.00260019243321027, 
0.0067608731643725, 2.39960296109461, 1.59561106009034, 1.5052181021616, 
1.74240917981893, 0.482648233171645, -0.294294885189369, -0.605162920574459, 
0.152432315960888, 0.486795787395821, -2.16943899318083, 0.292498938236751, 
2.12335069110804, -0.440558586116957, 0.493555149796012, 1.58064984085014, 
0.531893594591778, -0.502378370024359, -0.212808203499733, 1.04614630821754, 
-1.24023066925957, 0.96873102493246, 0.325110794693646, -0.873887864647352, 
0.048655069612055, -1.70830761511071, -0.641548841532053, -0.494621194082203, 
1.52513985023713, -1.06475616063695, -0.809745589118425, -0.0501414274908926, 
-0.101282324067844, -0.00856243234480055, 0.943215751811785, 
-0.394952370331406, -2.10007392937128, -1.27211585480306, -0.691421420062927, 
-0.485632736500022, 0.553267703238324, 1.85861035884715, 0.701570963909636, 
0.352958290488706, 1.62902256884798, 1.25332363590355, 0.617520289949628, 
0.394066028943987, -2.17462036876817, -0.576920690749541, -0.637766460762221, 
0.2352952656903, -0.382149260894234, 0.639189617527582, -0.414262161965596, 
-0.898143303944879, -0.106679284682519, -0.104797493355058, -0.466040047812084, 
-1.13202676282729, 0.264108270344477, 0.741727822565113, -0.52555829236724, 
3.22338212929754, -0.397188131856905, -0.154636070209101, -0.181397138049985, 
-0.754185674200369, 0.424569280042299, 0.930176662050292, -0.801002231631526, 
1.8694690434697, 0.913707952008444, 1.30735487178344, -0.259583280579351, 
-0.409575327405962, 0.0653209943258196, -1.63485983038583, 0.344973639995767, 
2.72824235425945, 0.367619761493721, 0.0663388486167339, 0.217084391908536, 
-2.08693414595661, 1.25798812514417, -0.774745657220264, 1.41864223320963, 
-0.11737662702134, 0.421228186419497, -0.52325940988654, 1.46363084194101, 
1.19890690148928, -0.350849243882153, -1.21403681852534, 0.323225411407209, 
0.127744791492969, 0.811450966330686, 0.231497419723355, -0.563360276910903, 
-1.71274306380119, -0.456824928957223, -0.207700743767616, 1.33075566356797, 
1.27061329515744, -0.429362919945895, -0.277998105268817, -0.922810859468004, 
1.46063551571317, 0.126921702499975, -1.18452349135804, 0.83465911898541, 
1.50899883987213, 0.69071663445785, -0.159919279103685, -0.312899533055198, 
-0.380025464280025, 0.709733537792392, 1.55060391377107, 0.808194243729247, 
0.69658221818694, 0.454421248611774, 1.32245171184198, -1.213790971651, 
-0.715901071103514, 0.610254643171058, 1.02958718235288, -0.510269583923488, 
0.911341470343262, -0.104942934283723, -0.180242392701053, -0.47329637731883, 
-1.1588198598472, -0.958079038143879, 0.821939932072766, 0.340629886310121, 
-0.902707479384125, 1.43645909567252, 0.29812163469989, -0.278738623777109, 
-1.38543539329512, 1.25089110352135, -1.14203931702298, -0.872845589541818, 
1.77297069465433, -0.677010824411816, 0.401268507443796, -0.925006541099754, 
0.0455673706432994, 1.37333878866943, -0.588746484887846, -0.501555506616456, 
-0.281103073403306, 0.596874037065118, 0.0797018954572224, 0.798724613273637, 
0.0410772716477889, 0.272437428577071, -0.718062777161508, 0.0985525224176013, 
0.103960524093569, -2.49325089923415, 0.540041828980373, 1.37164309984776, 
-0.575121693266494, 0.0277958048807285, -2.65276540776408, -0.578696191775058, 
-0.100965553531953, -0.614420164810189, -0.778712924535419, -0.463973929835633, 
0.578005891398738, -0.499082457597399, 0.0291678862583519, -1.06061400007929, 
0.888742004311043, 0.201759618035312, 0.701095541743994, -0.877623964543291, 
1.01349378626857, 0.402078824882735, -1.02021392484961, -0.517543442282772, 
1.31599214677689, -0.718694849361544, 0.515719562622269, -0.551234750121825, 
0.342115747081445, -0.883131884005618, 2.47473564243418, 1.89206305268182, 
-0.486131395684694, 0.0585739272294035, -0.323227261561568, -0.134943927178335, 
-0.0260868633394611, 0.351707522661893, 0.134501596938001, 0.181369545473119, 
0.399094990233334, -0.657106100469393, 0.126594178400881, -0.620768881383069, 
-0.863520036334439, 0.85841464472604, -1.57732284072551, 0.308997446836212, 
-1.10095776409661, -1.53136490121052, 0.0737894765072298, 0.225452095399692, 
0.54290330795614, -1.41845353681871, -0.175289970775448, 0.627495906878161, 
1.7431110230969, -0.527055831667143, -0.401333719974685, -0.907858143626232, 
-0.0746233217981478, -0.975787783962719, 0.26395285608638, -0.0425684490288104, 
0.323838260833545, 0.498245861938991, 0.787269295994186, 0.971473121998282, 
-0.488564613285068, -1.23151142240782, 1.96730546967755, -0.460058363933755, 
1.0816269783167, -1.01166278794874, -0.747551387896024, 0.589219341309476, 
1.35040161201643, 0.319931816779862, -0.108641964757491, 0.351979403328491, 
-0.320488736533969, 1.38816109214694, 1.06098020798164, -0.709585083723562, 
-0.0647326839647782, -0.606841106496565, -0.303847609663963, 
