structure(list(Country = c("VK", " ", " ", " ", "Ierland", "Nederland", 
"Zweden", "Denemarken", "Frankrijk", "Spanje", "Duitsland", "Portugal", 
"Italië", "Oostenrijk", "China", "Canada", "Japan", "VS"), export = c(-3.748, 
NA, NA, NA, -3.49, -1.93, -1.36, -1.32, -1.28, -1.15, -1.08, 
-0.85, -0.62, -0.24, 0.38, 0.44, 0.45, 0.56), `reëel BBP` = c(-1.492, 
NA, NA, NA, -1.1, -0.64, -0.46, -0.48, -0.51, -0.71, -0.45, -0.33, 
-0.35, -0.1, 0.04, 0.02, 0.08, 0.19), export = c(-4.074, NA, 
NA, NA, -4.01, -2.1, -1.54, -1.47, -1.41, -1.33, -1.19, -1, -0.68, 
-0.32, 0.36, 0.37, 0.39, 0.52), export = c(-3.442, NA, NA, NA, 
-3.05, -1.75, -1.19, -1.19, -1.15, -0.98, -0.96, -0.72, -0.54, 
-0.16, 0.41, 0.51, 0.5, 0.6), `reëel BBP` = c(-1.616, NA, NA, 
NA, -1.26, -0.72, -0.54, -0.54, -0.56, -0.79, -0.49, -0.36, -0.38, 
-0.12, 0.03, 0.01, 0.06, 0.16), `reëel BBP` = c(-1.366, NA, 
NA, NA, -0.97, -0.58, -0.4, -0.43, -0.46, -0.64, -0.41, -0.29, 
-0.32, -0.09, 0.04, 0.04, 0.09, 0.21)), row.names = c(NA, 18L
), class = "data.frame")
