structure(list(year = c(1951, 1956, 1957, 1958, 1959, 1960, 1961
), `North America` = c(45939, 60423, 64721, 68484, 71799, 76036, 
79831), Europe = c(21574, 29990, 32510, 35218, 37598, 40341, 
43173), Asia = c(2876, 4708, 5230, 6662, 6856, 8220, 9053), `South America` = c(1815, 
2568, 2695, 2845, 3000, 3145, 3338), Oceania = c(1646, 2366, 
2526, 2691, 2868, 3054, 3224), Africa = c(89, 1411, 1546, 1663, 
1769, 1905, 2005), `Middle America` = c(555, 733, 773, 836, 911, 
1008, 1076)), row.names = c(NA, 7L), class = "data.frame")
