structure(list(`totaal exclusief herintreders` = c(0, 1, 2, 3, 
4, 5, 6, 7, 8, 9, 10, 11, 12, 13, 14, 15, 16, 17, 18, 19, 20, 
21, 22, 23, 24, 25, 26, 27, 28, 29, 30, 31, 32, 33, 34, 35, 36, 
37, 38, 39, 40, 41, 42, 43, 44, 45, 46, 47, 48, 49, 50, 51, 52, 
53, 54, 55, 56, 57, 58, 59, 60, 61, 62, 63, 64, 65, 66, 67, 68, 
69, 70, 71, 72, 73, 74, 75, 76, 77, 78, 79, 80, 81, 82, 83, 84, 
85, 86, 87, 88, 89, 90, 91, 92, 93, 94, 95, 96, 97, 98, 99, 100
), `gemiddelde marginale druk` = c(9.40566006054957, 12.9799070525384, 
11.5196802537817, 11.8792223356623, 10.1272877960927, 10.626412919299, 
10.4820953996421, 16.2666141756488, 31.7203222660474, 38.3493592745133, 
21.7638928119021, 12.7770046033021, 13.8720735905575, 13.8104612749125, 
13.398113636496, 12.8491536925615, 12.9867983847083, 14.674919334238, 
17.2267011282169, 18.1062830392767, 18.1007063463051, 22.3221472837695, 
39.0957855614381, 49.7818571999116, 50.2327862277458, 48.8965769251813, 
49.0053342701849, 48.1116794507794, 48.7250483960507, 48.1481100969555, 
47.5557859435818, 47.0395400653626, 46.881291118603, 46.835620315766, 
46.308575569459, 46.3169996684781, 49.7278392803383, 52.4434274890174, 
53.3519975400615, 53.2739926056578, 53.3256054821617, 53.2701320216458, 
52.6690491139998, 52.8088537729515, 52.8452871567203, 52.5717461106235, 
52.6199747044891, 52.7160206643203, 52.631347625759, 52.7379917366541, 
52.5442027145808, 52.8805966924238, 52.4970169356397, 52.3889397826332, 
52.3270543389658, 52.4224017053848, 52.1821741212207, 52.2412506883595, 
52.305403595735, 52.2573172785982, 52.21235983732, 52.0266359771462, 
52.1138477007992, 52.1012107217224, 51.8923503747364, 52.2431613345105, 
51.7993913160762, 52.5111481614947, 52.4572392883795, 52.9970623993169, 
53.0376768315907, 53.2436328161319, 53.9276551988878, 54.513159638825, 
54.5091374258294, 56.2263069807026, 58.6759466175609, 59.3902319089385, 
60.3102023711984, 60.0036816802058, 59.3842448649627, 59.8689280859129, 
58.943036364548, 59.1355200271099, 59.2243108417315, 58.8750890592345, 
58.5359286338449, 58.6182411085539, 58.6015351943092, 58.7979359295015, 
58.5078874140383, 58.8725988574627, 58.2151009830514, 58.2343006623443, 
57.9163406310912, 57.4116258295382, 57.5548073248505, 57.2399691971985, 
56.0432638292311, 56.1060712265669, 56.6066007996909), `tarieven IB` = c(33.577389639158, 
35.64884535358, 35.2597234047185, 36.7974983249216, 36.8169345440105, 
36.8900000040714, 36.7568859449226, 36.8252625082358, 36.8899999895199, 
36.8463120782532, 36.8116237675182, 36.8899998241256, 36.8899995848939, 
36.8902416772509, 36.8899997678227, 36.8899998853537, 36.8899998907648, 
36.8899997952136, 36.8836153272056, 36.8899997833523, 36.8899993616528, 
36.8683449515227, 36.8331232727846, 36.8575583995378, 36.8252538091885, 
36.8889901503019, 36.882745739204, 36.8892878336583, 36.886937039429, 
36.8203402224984, 36.8208704604805, 36.8883595762224, 36.8883172253627, 
36.8886556575671, 36.8869522775918, 36.8854465842542, 36.886140715286, 
36.8848051629056, 36.8888746164362, 36.8895541171483, 36.8858430249362, 
36.8895353026068, 36.8831215204537, 36.8783417832387, 36.8863624448719, 
36.883206745965, 36.880072352001, 36.8807048004209, 36.8854507066951, 
36.8864192212094, 36.8850918431989, 36.8876249729141, 36.8866484256864, 
36.88964156162, 36.8831516178079, 36.8874632617968, 36.8889417453789, 
36.8854719413967, 36.8874752976254, 36.883707961291, 36.8899865598648, 
36.8842421624999, 36.9031766215168, 36.9018226123372, 36.9462575143248, 
37.00646264955, 36.9343841888906, 37.5856918790342, 37.6678591246378, 
38.2165566917841, 38.4619517981352, 39.0667518922057, 40.057398448838, 
40.5718915369781, 40.933367428273, 43.218873852005, 46.6245816903411, 
47.8056400093733, 49.2063842618038, 49.3444312316003, 49.592756734082, 
49.9347959519629, 49.5860559876024, 49.6412655597255, 49.6065364626067, 
49.7914438091073, 49.6155383804159, 49.521122833595, 49.6159323045016, 
49.5351949835392, 49.6765347853644, 49.7285995170866, 49.5454473022087, 
49.5209491281913, 49.4878175880113, 49.4979154246944, 49.5, 49.5455504063082, 
49.4308113955152, 49.4999999999999, 49.4936203046342), `algemene heffingskorting` = c(-32.3399077725115, 
-33.931146198009, -33.3427648105034, -34.58947510441, -34.0994589087647, 
-34.7643704787635, -34.1055388408038, -16.0192525787685, -0.625194909998985, 
-0.226539500490227, -0.398226449044002, -0.044011972813902, -0.0547630542385928, 
-0.031776513170847, -0.0951017106722717, -0.0466403745266232, 
-0.090750955055455, -0.0338229137357587, 0.0182382154755631, 
-0.00512305597889783, 0.107858871377678, 2.38343055692189, 4.27424057501394, 
4.54496641551313, 4.54977030228344, 4.58694613874535, 4.65654551953635, 
4.6722471163363, 4.69643273125512, 4.70906058070534, 4.73015922260741, 
4.73985453181826, 4.75366922980758, 4.75694690742094, 4.76243889612231, 
4.76513060882351, 4.76991405788156, 4.76827351248387, 4.77733742189664, 
4.77670178655195, 4.77432159505405, 4.7715250622036, 4.78566307628276, 
4.77595325231378, 4.77394910749363, 4.78310183182285, 4.77421847237888, 
4.78120116563892, 4.78632731304025, 4.78287161868499, 4.78357188640363, 
4.77781849834455, 4.78357283253382, 4.78458695976853, 4.78130836769146, 
4.78847342560881, 4.78624434158179, 4.79098375594306, 4.78451248068823, 
4.76897519862229, 4.76638804427984, 4.78916520730246, 4.78592828054826, 
4.78551380886649, 4.76812605256063, 4.779270809037, 4.77994799615586, 
4.76626076726286, 4.74234618593624, 4.69519109806984, 4.58907771900269, 
4.57070864779995, 4.19621266807605, 4.15719078043463, 3.99365474833529, 
3.81184428337822, 2.80516171903743, 2.4382246630327, 1.82845521778179, 
1.62629963980599, 1.01674872682153, 0.988929335455965, 0.675791246346722, 
0.640949176796866, 0.541900565057315, 0.480496925087552, 0.15759454486497, 
0.360202898118518, 0.189323625416882, 0.0748652285294915, 0.128249183296293, 
0.119460841087876, 0.0177382223763614, 0.0176250149202732, 0.00220868877436856, 
0.0119604922747742, 0.0125968279114587, 0.0364132745516066, 0, 
0.00940015035794405, 0), pensioenpremies = c(2.28348595148678, 
3.07667563077003, 3.444701770184, 3.58980783701803, 3.98109182006159, 
3.62932459990889, 3.93696100798124, 3.98383335077489, 4.07527217368631, 
3.93092404455838, 3.86935240961487, 3.84184716472039, 4.08522517339017, 
4.06994741522435, 4.05656485625767, 4.1400707520721, 4.22114298779408, 
4.1572346642794, 4.23095706901312, 4.28801376839171, 4.26776830240543, 
4.26718402761264, 4.20930471915049, 4.14223207681606, 4.20536599698749, 
4.14486050321259, 4.13345864661694, 4.20555747657761, 4.02092559827272, 
3.96604449223814, 4.05471818007322, 3.93947916867583, 3.98118739511023, 
3.91210113782441, 3.87818271466862, 3.79974436677989, 3.8162930958549, 
3.79220123421077, 3.74653080425648, 3.7517846018219, 3.74041803750651, 
3.75423917422343, 3.67141548223681, 3.74874582237731, 3.70337868045295, 
3.63459398033558, 3.68479695769279, 3.63381373859815, 3.5952568645963, 
3.62907640700447, 3.72150325451524, 3.74253761741617, 3.61131064459946, 
3.66064747964888, 3.63154393934515, 3.63875646639972, 3.62396803501801, 
3.61198835951773, 3.72014253676184, 3.72385537365332, 3.82180827421947, 
3.56585816998259, 3.60969660754962, 3.57095465205664, 3.58966447890534, 
3.62494957875094, 3.60348128862315, 3.51406678412363, 3.50926737073121, 
3.40932811233984, 3.54361648062819, 3.37768379153157, 3.27746828052011, 
3.37730844163397, 3.32104290303762, 3.1734163987816, 2.99052126411325, 
3.07995932369172, 2.69987649869067, 2.765110787526, 2.7879438174366, 
2.81081470275917, 2.70162936427197, 2.72146076436143, 2.81730838773581, 
2.6418959810438, 2.75300103946533, 2.77513865255186, 2.71963063372025, 
2.78918607424624, 2.72905288320694, 2.59823454455617, 2.75397830498046, 
2.59414082473728, 2.63852800779649, 2.50940535379331, 2.80662079977715, 
2.63149494161164, 2.49744820614267, 2.62273562172268, 2.68372120877857
),