structure(list(quarter = c("q1", "q2", "q3", "q4"), Austria = c(-3.04226624767451, 
-10.7267887943127, 11.7948788019567, -2.70807717598285), Belgium = c(-3.41693443818923, 
-11.8172463346961, 11.6403053883093, -0.146578948432515), Cyprus = c(-0.515822205963048, 
-13.1278958593807, 8.89984761259736, 1.43043165607447), Estonia = c(-1.14733374195527, 
-5.22195741052917, 2.50848427852968, 2.09608902893838), Finland = c(-0.582677073102153, 
-4.69934300332917, 3.30517364682023, 0.390427055777012), France = c(-5.86459620202601, 
-13.5019868025963, 18.455602375552, -1.44461701126258), Germany = c(-1.99536575090951, 
-9.70724640060413, 8.51198097940258, 0.340626943472543), Greece = c(0.438897270607598, 
-13.4165274845324, 3.13345449163254, 2.67288088140842), Ireland = c(-3.90699959614251, 
-2.1381964196085, 11.7933392600697, -5.08651454591944), Italy = c(-5.50455994661526, 
-13.0079667728554, 15.8753242598697, -1.92913697391449), Latvia = c(-2.31392017058707, 
-6.97317484950289, 6.88175985334555, 1.07539791437981), Lithuania = c(-0.29710947728875, 
-6.22960755593718, 6.10376179600983, -0.173614636424557), Luxembourg = c(-1.55134447314483, 
-7.28067799233776, 9.33488038197634, 1.58114535696017), Malta = c(-2.45164, 
-14.1752, 7.964115, 3.805903), Netherlands = c(-1.49441798341777, 
-8.54215237857943, 7.7523509294259, -0.125963633080133), Portugal = c(-3.9639825908964, 
-13.9699407728593, 13.4418598831317, 0.232071792247207), `Slovak Republic` = c(-5.08027775736645, 
-8.30357747650981, 11.6457365977205, 0.241503655637537), Slovenia = c(-4.81999214776805, 
-10.1377537316296, 12.1973611170417, -1.04850526155545), Spain = c(-5.36791, 
-17.7867, 17.05272, 0.013907)), row.names = c(NA, 4L), class = "data.frame")
