structure(list(week = c(1, 2, 3, 4, 5, 6, 7, 8, 9, 10, 11, 12, 
13, 14, 15, 16, 17, 18, 19, 20, 21, 22, 23, 24, 25, 26, 27, 28, 
29, 30, 31, 32, 33, 34, 35, 36, 37, 38, 39, 40, 41, 42, 43, 44, 
45, 46, 47, 48, 49, 50, 51, 52), `geobserveerd in 2020` = c(3103, 
3364, 3157, 3046, 3162, 3193, 3199, 2959, 3097, 3105, 3217, 3615, 
4459, 5084, 4979, 4304, 3907, 3378, 2986, 2774, 2770, 2726, 2682, 
2691, 2694, 2659, 2636, 2618, 2526, 2672, 2659, 2638, 3207, 2846, 
2731, 2682, 2734, 2712, 2883, 2993, 3005, 3197, 3452, NA, NA, 
NA, NA, NA, NA, NA, NA, NA), `verwacht aantal overledenen` = c(3277, 
3311, 3344, 3392, 3407, 3401, 3408, 3387, 3352, 3315, 3253, 3174, 
3104, 3024, 2957, 2915, 2869, 2841, 2821, 2794, 2770, 2753, 2735, 
2737, 2725, 2717, 2723, 2719, 2720, 2707, 2687, 2682, 2669, 2663, 
2667, 2676, 2698, 2729, 2752, 2786, 2807, 2839, 2862, 2889, 2902, 
2932, 2972, 3012, 3037, 3100, 3166, 3222), `95%-betrouwbaarheidsinterval` = c(2908, 
2930, 2945, 3008, 3027, 2979, 2916, 2851, 2805, 2785, 2756, 2711, 
2703, 2712, 2719, 2711, 2677, 2650, 2633, 2626, 2620, 2608, 2591, 
2600, 2594, 2577, 2544, 2515, 2507, 2515, 2492, 2483, 2481, 2510, 
2526, 2549, 2564, 2585, 2618, 2628, 2655, 2677, 2661, 2683, 2692, 
2710, 2742, 2762, 2742, 2800, 2830, 2871), `95%-betrouwbaarheidsinterval` = c(3645, 
3692, 3742, 3776, 3788, 3823, 3901, 3922, 3898, 3845, 3751, 3637, 
3505, 3337, 3195, 3120, 3060, 3032, 3009, 2962, 2920, 2898, 2880, 
2875, 2855, 2857, 2902, 2923, 2934, 2900, 2882, 2881, 2857, 2815, 
2807, 2804, 2832, 2873, 2886, 2943, 2960, 3001, 3063, 3095, 3111, 
3155, 3202, 3263, 3332, 3399, 3501, 3573)), row.names = c(NA, 
52L), class = "data.frame")
