structure(list(X1 = c(2013, 2013.08333333333, 2013.16666666667, 
2013.25, 2013.33333333333, 2013.41666666667, 2013.5, 2013.58333333333, 
2013.66666666667, 2013.75, 2013.83333333333, 2013.91666666667, 
2014, 2014.08333333333, 2014.16666666667, 2014.25, 2014.33333333333, 
2014.41666666667, 2014.5, 2014.58333333333, 2014.66666666667, 
2014.75, 2014.83333333333, 2014.91666666666, 2015, 2015.08333333333, 
2015.16666666666, 2015.25, 2015.33333333333, 2015.41666666666, 
2015.5, 2015.58333333333, 2015.66666666666, 2015.75, 2015.83333333333, 
2015.91666666666, 2016, 2016.08333333333, 2016.16666666666, 2016.25, 
2016.33333333333, 2016.41666666666, 2016.5, 2016.58333333333, 
2016.66666666666, 2016.75, 2016.83333333333, 2016.91666666666, 
2017, 2017.08333333333, 2017.16666666666, 2017.25, 2017.33333333333, 
2017.41666666666, 2017.5, 2017.58333333333, 2017.66666666666, 
2017.75, 2017.83333333333, 2017.91666666666, 2018, 2018.08333333333, 
2018.16666666666, 2018.25, 2018.33333333333, 2018.41666666666, 
2018.49999999999, 2018.58333333333, 2018.66666666666, 2018.74999999999, 
2018.83333333333, 2018.91666666666, 2018.99999999999, 2019.08333333333, 
2019.16666666666, 2019.24999999999, 2019.33333333333, 2019.41666666666, 
2019.49999999999, 2019.58333333333, 2019.66666666666, 2019.74999999999, 
2019.83333333333, 2019.91666666666, 2019.99999999999, 2020.08333333333, 
2020.16666666666, 2020.24999999999), `detailhandels verk. eurogebied` = c(95.8, 
95.7, 96, 95.4, 96.4, 95.7, 96.4, 96.4, 96.3, 96, 96.8, 96, 96.6, 
96.6, 97, 97, 96.8, 97.2, 96.5, 97.8, 97.2, 97.7, 97.9, 98.5, 
99.2, 99.1, 99, 99.7, 100.1, 100.1, 100.7, 100.5, 100.4, 100.3, 
99.6, 101.1, 101.2, 101.4, 100.8, 100.9, 101.3, 101.1, 101.9, 
101.9, 101.5, 103.3, 102.2, 102.8, 102.8, 102.9, 104, 103.5, 
104.2, 104.2, 104.4, 103.9, 105.3, 103.8, 105.6, 105.5, 104.7, 
104.7, 105.6, 105.7, 106.1, 105.9, 105.8, 106.1, 105.7, 106.7, 
107.1, 106.5, 107.2, 107.7, 107.8, 108, 107.7, 108.7, 108.3, 
109, 108.8, 108.7, 109.7, 108.6, 109.5, 110.3, 98.1, 86.6), `ind. prod. eurogebied` = c("94", 
"94", "94.6", "95.1", "95.5", "95.8", "94.9", "95.7", "95.7", 
"95.3", "96.7", "96.7", "96.7", "97.6", "97.1", "98.5", "97.3", 
"96.8", "98.1", "95.9", "97", "96.9", "96.7", "97.9", "97.6", 
"99.7", "100.5", "99.9", "100.2", "100.7", "100.7", "99.6", "100.2", 
"100", "100.1", "100.9", "104", "101.5", "100.3", "101.7", "100.3", 
"101.6", "101.3", "101.5", "101.5", "102.8", "103.2", "102.8", 
"102.1", "103.1", "103.2", "104", "104.3", "103.8", "105.6", 
"106.1", "105.9", "105.7", "108.6", "108.9", "107.5", "105.3", 
"105.3", "105.9", "107.1", "107", "105.7", "106.8", "106.3", 
"106.5", "105.4", "105.3", "105.9", "106.1", "105.7", "105.1", 
"105.6", "104.4", "104.4", "104.4", "104.8", "104.5", "103.8", 
"102.2", "104.3", "104.3", "91.5", NA), `detailhandels verk. Nederland` = c(97.4, 
96.2, 95.5, 96.2, 96.8, 96.1, 96.6, 96.2, 96.8, 96.3, 96.1, 96.9, 
97.4, 97.3, 97.3, 97.7, 97.1, 97, 97.3, 98.9, 96.4, 98, 98.6, 
98.9, 99.8, 100.4, 99.9, 99.8, 99, 100.6, 99.5, 100.3, 100.6, 
99.7, 99, 101.2, 100.2, 101.3, 100.2, 99.5, 101.3, 101, 101.7, 
101.6, 101.1, 104.1, 102.8, 102.8, 103.9, 102.7, 104.2, 103.5, 
104.4, 104.7, 104.9, 104.7, 105.5, 105.2, 106.3, 105.6, 106.9, 
105.4, 106.5, 108.4, 107.8, 107.6, 108.5, 108.2, 107.7, 108.2, 
109.9, 107.4, 108, 108.7, 109.8, 110.2, 109.9, 110.1, 110, 109.2, 
110.5, 110.1, 110.8, 111.4, 110.2, 111.8, 110.1, 103.8), `ind. prod. Nederland` = c(96.6, 
96.1, 96.9, 97, 96.2, 97.4, 96.6, 97.2, 97.5, 98.2, 98.9, 101.2, 
99.8, 100.7, 97.6, 100.2, 97.8, 96.3, 99, 98.4, 98, 98.1, 98.6, 
98.1, 99, 100.2, 99.7, 99.7, 99.5, 100.6, 99.9, 98.8, 99.3, 101.4, 
101.5, 100.4, 101.9, 101.1, 102.1, 103.4, 102.1, 103.3, 102.9, 
101.7, 102.3, 102.5, 105, 106.3, 103.1, 105.5, 105.2, 104.6, 
106.6, 106.1, 106.1, 105.6, 107.3, 107.7, 109.7, 110.4, 110.5, 
109.4, 109.4, 109.4, 109.6, 109.3, 107.6, 109.3, 109.1, 109.6, 
110.2, 107, 109.6, 109.2, 108.8, 108.9, 108.5, 107.3, 107.5, 
107.8, 109.5, 109.7, 108.4, 106.5, 109.8, 107.8, 106.5, 97.9)), row.names = c(NA, 
88L), class = "data.frame")
