structure(list(structure(c(13879, 13970, 14061, 14153, 14245, 
14335, 14426, 14518, 14610, 14700, 14791, 14883, 14975, 15065, 
15156, 15248, 15340, 15431, 15522, 15614, 15706, 15796, 15887, 
15979, 16071, 16161, 16252, 16344, 16436, 16526, 16617, 16709, 
16801, 16892, 16983, 17075, 17167, 17257, 17348, 17440, 17532, 
17622, 17713, 17805, 17897, 17987, 18078, 18170, 18262, 18353, 
18444, 18536, 18628, 18718, 18809, 18901), class = "Date"), c(0.3, 
0.5, -0.1, -0.7, -3.6, 0, 0.4, 0.6, -0.1, 0.4, 0.4, 1.1, 0.6, 
-0.1, 0, -0.6, -0.2, 0.1, -0.4, -0.7, 0.3, -0.2, 0.6, 0.6, -0.1, 
0.6, 0.3, 0.9, 0.6, 0.3, 0.3, 0, 1, 0.2, 1.1, 0.9, 0.4, 0.9, 
0.7, 0.8, 0.6, 0.7, 0.3, 0.5, 0.5, 0.3, 0.4, 0.4, -1.7, -9.9, 
3.7, 2, 1.2, 1, 0.9, 0.8), c(706.9, 710.4, 709.6, 704.9, 679.6, 
679.6, 682.3, 686.4, 685.5, 688.5, 691.4, 699.2, 703.5, 702.8, 
702.8, 698.6, 697.1, 697.5, 694.5, 689.6, 691.6, 690.3, 694.5, 
698.9, 698.1, 702.2, 704, 710.3, 714.5, 716.8, 719.2, 719.4, 
726.2, 727.8, 736.2, 742.5, 745.3, 752.1, 757.3, 763.3, 768, 
773.3, 775.3, 779.6, 783.4, 786, 789.3, 792.4, 778.7, 701.6, 
727.6, 742, 750.8, 758.4, 765.6, 771.7)), names = c(NA, " bbp-groei (linkeras)", 
"bbp-niveau (in prijzen 2018, rechteras)"), row.names = c(NA, 
56L), class = "data.frame")
