structure(list(c(2007, 2008, 2009, 2010, 2011, 2012, 2013, 2014, 
2015, 2016, 2017, 2018), c(21.8661798411013, 11.0449691824705, 
19.9257211984172, 22.0688906674721, 21.4475524400108, 39.7138454692862, 
51.7941533587786, 48.7256749773838, 50.0020869955157, 53.5181115816126, 
68.3004626475044, 64.8424906003388), c(11.7442459634606, 14.008840786776, 
20.3166132278123, 21.5099546964663, 16.17375, 23.4525725706097, 
27.1219490839695, 22.5800193956939, 26.291860896861, 28.4391182607936, 
37.1161295743606, 27.9070982936), c(12.5936691685278, 7.40076242952333, 
12.1730292820803, 14.4354799154334, 11.9186016446482, 16.7518375504355, 
20.0369544274809, 17.9388931427538, 18.7734842152466, 17.1135369101148, 
21.578479177189, 16.6591042432756)), names = c(NA, "Ierland", 
"Frankrijk", "Zwitserland"), row.names = c(NA, 12L), class = "data.frame")
