structure(list(OVB = c(3.5, 10, 5, 0.7, 0.1, 4, 5.9, 3, 9, 7, 
0, 2, 2, 2, 6, 1.5), `Transacties per duizend mensen` = c(8.2056454474406, 
10.3605708092065, 0.668367690387172, 12.8491395790161, 18.2399927040029, 
13.5479335716338, 12.6496419671716, 5.614343245727, 8.80788450151778, 
16.4944485871474, 14.1208197542143, 12.6122160754053, 4.5685963268928, 
12.3103569703292, 9.84724613782677, 16.1441729059058), label = c("AT", 
"BE", "HR", "DK", "EE", "FI", "FR", "EL", "IT", "LU", "MT", "NL", 
"PL", "PT", "ES", "SE")), row.names = c(NA, 16L), class = "data.frame")
