structure(list(c(1, 2, 3, 4, 5, 6, 7, 8, 9, 10, 11, 12, 13, 14, 
15, 16, 17, 18, 19, 20, 21, 22, 23, 24, 25, 26, 27, 28, 29), 
    c(97, 97.5, 98, 98.5, 99, 99.5, 100, 100.5, 101, 101.5, 102, 
    102.5, 103, 103.5, 104, 104.5, 105, 105.5, 106, 106.5, 107, 
    107.5, 108, 108.5, 109, 109.5, 110, 110.5, 111), c(97, 97.5, 
    98, 98.5, 99, 99.5, 100, 101, 101.9, 102.3, 100.3, 96.8, 
    94.3, 94.3, 95.8, 98.8, 99.8, 100.3, 100.8, 101.3, 101.8, 
    102.3, 102.8, 103.3, 103.8, 104.3, 104.8, 105.3, 105.8), 
    c(97, 97.5, 98, 98.5, 99, 99.5, 100, 101, 101.9, 102.3, 100.3, 
    96.8, 94.3, 94.3, 95.8, 98.8, 99.8, 100.3, 100.55, 100.8, 
    101.05, 101.3, 101.55, 101.8, 102.05, 102.3, 102.55, 102.8, 
    103.05)), names = c(NA, "Oude trend", "Permanent niveaueffect", 
"Niveau- en groeieffect"), row.names = c(NA, 29L), class = "data.frame")
