structure(list(structure(c(13514, 13545, 13573, 13604, 13634, 
13665, 13695, 13726, 13757, 13787, 13818, 13848, 13879, 13910, 
13939, 13970, 14000, 14031, 14061, 14092, 14123, 14153, 14184, 
14214, 14245, 14276, 14304, 14335, 14365, 14396, 14426, 14457, 
14488, 14518, 14549, 14579, 14610, 14641, 14669, 14700, 14730, 
14761, 14791, 14822, 14853, 14883, 14914, 14944, 14975, 15006, 
15034, 15065, 15095, 15126, 15156, 15187, 15218, 15248, 15279, 
15309, 15340, 15371, 15400, 15431, 15461, 15492, 15522, 15553, 
15584, 15614, 15645, 15675, 15706, 15737, 15765, 15796, 15826, 
15857, 15887, 15918, 15949, 15979, 16010, 16040, 16071, 16102, 
16130, 16161, 16191, 16222, 16252, 16283, 16314, 16344, 16375, 
16405, 16436, 16467, 16495, 16526, 16556, 16587, 16617, 16648, 
16679, 16709, 16740, 16770, 16801, 16832, 16861, 16892, 16922, 
16953, 16983, 17014, 17045, 17075, 17106, 17136, 17167, 17198, 
17226, 17257, 17287, 17318, 17348, 17379, 17410, 17440, 17471, 
17501, 17532, 17563, 17591, 17622, 17652, 17683, 17713, 17744, 
17775, 17805, 17836, 17866, 17897, 17928, 17956, 17987, 18017, 
18048, 18078, 18109, 18140, 18170, 18201, 18231, 18262, 18293, 
18322, 18353), class = "Date"), c(152, 155, 153, 150, 162, 157, 
170, 156, 166, 160, 178, 177, 166, 157, 162, 165, 179, 173, 180, 
180, 180, 173, 173, 179, 172, 168, 178, 193, 199, 199, 195, 198, 
188, 184, 188, 189, 193, 192, 199, 187, 179, 177, 181, 188, 183, 
181, 172, 168, 186, 190, 203, 196, 198, 180, 185, 177, 174, 158, 
161, 176, 177, 187, 195, 186, 179, 173, 178, 171, 171, 166, 182, 
181, 185, 178, 174, 172, 173, 174, 167, 168, 159, 155, 166, 189, 
193, 193, 186, 182, 176, 174, 169, 174, 174, 174, 172, 173, 182, 
179, 184, 187, 177, 176, 190, 195, 195, 187, 193, 182, 179, 174, 
178, 168, 177, 183, 184, 180, 182, 186, 191, 188, 181, 186, 183, 
190, 188, 190, 184, 182, 181, 194, 192, 200, 193, 196, 187, 195, 
190, 194, 191, 185, 190, 193, 198, 204, 194, 197, 191, 198, 197, 
201, 196, 195, 203, 198, 202, 201, 200, 203, 222, 268), c(87, 
86, 85, 84, 83, 90, 94, 95, 98, 91, 87, 85, 85, 82, 80, 82, 85, 
85, 82, 82, 92, 91, 97, 103, 105, 107, 110, 118, 122, 126, 129, 
130, 132, 128, 131, 129, 130, 129, 122, 112, 112, 111, 111, 111, 
110, 114, 114, 118, 118, 113, 109, 108, 111, 111, 115, 111, 108, 
109, 115, 113, 118, 114, 121, 120, 115, 110, 113, 113, 117, 112, 
123, 130, 135, 141, 138, 136, 135, 130, 135, 132, 132, 126, 125, 
133, 145, 149, 145, 130, 122, 119, 113, 110, 106, 102, 106, 106, 
108, 107, 106, 110, 103, 103, 99, 105, 106, 110, 103, 100, 97, 
103, 95, 94, 91, 89, 89, 86, 87, 82, 84, 82, 83, 85, 82, 77, 
79, 81, 80, 78, 77, 74, 72, 66, 66, 62, 57, 62, 61, 64, 62, 61, 
59, 60, 57, 62, 64, 64, 65, 67, 70, 73, 70, 69, 67, 68, 69, 62, 
59, 56, 61, 104)), names = c(NA, "van werkzaam (3 maanden eerder) naar in-actief", 
"van werkzaam (3 maanden eerder) naar werkloos"), row.names = c(NA, 
160L), class = "data.frame")
