structure(list(c(2013, 2013.08333333333, 2013.16666666667, 2013.25, 
2013.33333333333, 2013.41666666667, 2013.5, 2013.58333333333, 
2013.66666666667, 2013.75, 2013.83333333333, 2013.91666666667, 
2014, 2014.08333333333, 2014.16666666667, 2014.25, 2014.33333333333, 
2014.41666666667, 2014.5, 2014.58333333333, 2014.66666666667, 
2014.75, 2014.83333333333, 2014.91666666666, 2015, 2015.08333333333, 
2015.16666666666, 2015.25, 2015.33333333333, 2015.41666666666, 
2015.5, 2015.58333333333, 2015.66666666666, 2015.75, 2015.83333333333, 
2015.91666666666, 2016, 2016.08333333333, 2016.16666666666, 2016.25, 
2016.33333333333, 2016.41666666666, 2016.5, 2016.58333333333, 
2016.66666666666, 2016.75, 2016.83333333333, 2016.91666666666, 
2017, 2017.08333333333, 2017.16666666666, 2017.25, 2017.33333333333, 
2017.41666666666, 2017.5, 2017.58333333333, 2017.66666666666, 
2017.75, 2017.83333333333, 2017.91666666666, 2018, 2018.08333333333, 
2018.16666666666, 2018.25, 2018.33333333333, 2018.41666666666, 
2018.49999999999, 2018.58333333333, 2018.66666666666, 2018.74999999999, 
2018.83333333333, 2018.91666666666, 2018.99999999999, 2019.08333333333, 
2019.16666666666, 2019.24999999999, 2019.33333333333, 2019.41666666666, 
2019.49999999999, 2019.58333333333, 2019.66666666666, 2019.74999999999, 
2019.83333333333, 2019.91666666666, 2019.99999999999, 2020.08333333333, 
2020.16666666666, 2020.24999999999, 2020.33333333333), c(8, 7.7, 
7.5, 7.6, 7.5, 7.5, 7.3, 7.2, 7.2, 7.2, 6.9, 6.7, 6.6, 6.7, 6.7, 
6.2, 6.3, 6.1, 6.2, 6.1, 5.9, 5.7, 5.8, 5.6, 5.7, 5.5, 5.4, 5.4, 
5.6, 5.3, 5.2, 5.1, 5, 5, 5.1, 5, 4.9, 4.9, 5, 5, 4.8, 4.9, 4.8, 
4.9, 5, 4.9, 4.7, 4.7, 4.7, 4.6, 4.4, 4.4, 4.4, 4.3, 4.3, 4.4, 
4.2, 4.1, 4.2, 4.1, 4.1, 4.1, 4, 4, 3.8, 4, 3.8, 3.8, 3.7, 3.8, 
3.7, 3.9, 4, 3.8, 3.8, 3.6, 3.6, 3.7, 3.7, 3.7, 3.5, 3.6, 3.5, 
3.5, 3.6, 3.5, 4.4, 14.7, 13.3), c(12, 12, 12, 12.1, 12.1, 12.1, 
12.1, 12, 12, 12, 11.9, 11.9, 11.9, 11.9, 11.8, 11.7, 11.7, 11.5, 
11.6, 11.5, 11.5, 11.5, 11.5, 11.4, 11.3, 11.2, 11.2, 11.1, 11, 
11, 10.8, 10.7, 10.6, 10.6, 10.5, 10.5, 10.4, 10.4, 10.2, 10.2, 
10.2, 10.1, 10, 9.9, 9.9, 9.8, 9.8, 9.6, 9.5, 9.4, 9.4, 9.2, 
9.2, 9.1, 9.1, 9, 8.9, 8.8, 8.7, 8.6, 8.6, 8.5, 8.4, 8.4, 8.2, 
8.2, 8.1, 8, 8, 8, 7.9, 7.8, 7.8, 7.8, 7.7, 7.6, 7.6, 7.5, 7.6, 
7.5, 7.5, 7.4, 7.4, 7.3, 7.3, 7.2, 7.1, 7.3, NA), c(6.6, 6.8, 
6.9, 7, 7.1, 7.3, 7.5, 7.5, 7.6, 7.6, 7.6, 7.7, 7.8, 7.9, 7.8, 
7.7, 7.6, 7.4, 7.3, 7.2, 7.1, 7.1, 7.1, 7.2, 7.2, 7.1, 7, 7, 
6.9, 6.9, 6.8, 6.8, 6.8, 6.9, 6.7, 6.6, 6.5, 6.5, 6.4, 6.4, 6.3, 
6.1, 6, 5.8, 5.7, 5.6, 5.6, 5.4, 5.3, 5.3, 5.1, 5.1, 5.1, 4.9, 
4.8, 4.7, 4.7, 4.5, 4.4, 4.4, 4.2, 4.1, 3.9, 3.9, 3.9, 3.9, 3.8, 
3.9, 3.7, 3.7, 3.5, 3.6, 3.6, 3.4, 3.3, 3.3, 3.3, 3.4, 3.4, 3.5, 
3.5, 3.5, 3.5, 3.2, 3, 2.9, 2.9, 3.4, NA)), names = c(NA, "Verenigde Staten", 
"eurogebied", "Nederland"), row.names = c(NA, 89L), class = "data.frame")
