structure(list(ISO_3166_1_alpha_3 = c("FJI", "TZA", "SAH", "CAN", 
"USA", "KAZ", "UZB", "PNG", "IDN", "ARG", "CHL", "COD", "SOM", 
"KEN", "SDN", "TCD", "HTI", "DOM", "RUS", "BHS", "FLK", "NOR", 
"GRL", "ATF", "TLS", "ZAF", "LSO", "MEX", "URY", "BRA", "BOL", 
"PER", "COL", "PAN", "CRI", "NIC", "HND", "SLV", "GTM", "BLZ", 
"VEN", "GUY", "SUR", "FRA", "ECU", "PRI", "JAM", "CUB", "ZWE", 
"BWA", "NAM", "SEN", "MLI", "MRT", "BEN", "NER", "NGA", "CMR", 
"TGO", "GHA", "CIV", "GIN", "GNB", "LBR", "SLE", "BFA", "CAF", 
"COG", "GAB", "GNQ", "ZMB", "MWI", "MOZ", "SWZ", "AGO", "BDI", 
"ISR", "LBN", "MDG", "PSX", "GMB", "TUN", "DZA", "JOR", "ARE", 
"QAT", "KWT", "IRQ", "OMN", "VUT", "KHM", "THA", "LAO", "MMR", 
"VNM", "PRK", "KOR", "MNG", "IND", "BGD", "BTN", "NPL", "PAK", 
"AFG", "TJK", "KGZ", "TKM", "IRN", "SYR", "ARM", "SWE", "BLR", 
"UKR", "POL", "AUT", "HUN", "MDA", "ROU", "LTU", "LVA", "EST", 
"DEU", "BGR", "GRC", "TUR", "ALB", "HRV", "CHE", "LUX", "BEL", 
"NLD", "PRT", "ESP", "IRL", "NCL", "SLB", "NZL", "AUS", "LKA", 
"CHN", "TWN", "ITA", "DNK", "GBR", "ISL", "AZE", "GEO", "PHL", 
"MYS", "BRN", "SVN", "FIN", "SVK", "CZE", "ERI", "JPN", "PRY", 
"YEM", "SAU", "ATA", "CYN", "CYP", "MAR", "EGY", "LBY", "ETH", 
"DJI", "SOL", "UGA", "RWA", "BIH", "MKD", "SRB", "MNE", "KOS", 
"TTO", "SDS"), random = c(2.18699307530187, 1.65465569356456, 
-0.529457490192726, 1.9963608821854, -2.24362629465759, -1.31553772022016, 
-0.411854905541986, 1.31993785849772, 2.01714482391253, 1.10456829192117, 
-1.35993914678693, -1.64135214057751, 0.632494459860027, 0.357925065327436, 
-0.521280955290422, -1.80348030873574, 2.09266158752143, 0.693301582941785, 
-2.36442234134302, 2.22233051899821, -0.172885834472254, 1.93075476330705, 
-2.33181809075177, 1.34760711225681, -0.973858900833875, -1.54288885649294, 
0.115574413212016, 1.0888914228417, -1.05720568215474, 0.449708031956106, 
-2.13531974703074, 2.03427695552818, -1.80049790535122, 2.49004873097874, 
0.949233097489923, -2.24852342857048, -0.964589258655906, 0.588345268042758, 
1.97703492478468, -1.77817257819697, 1.5011085930746, 0.338253855006769, 
1.91653034067713, 0.409119928954169, 1.01010000216775, 1.46221091737971, 
2.21664612065069, 1.5212213434279, -1.58039052388631, 0.405942487996072, 
-1.34764439775608, -2.0736039604526, 2.07816218025982, 0.823165117762983, 
-0.454738351982087, -1.81253538350575, -1.69597566709854, -1.95261110668071, 
2.14442736469209, -1.04281001491472, 1.75446529174224, 2.09970632917248, 
-0.784246487310156, -0.317366872914135, -2.16789537807927, 0.746325310319662, 
-0.388748403638601, -1.87989709083922, 0.767039762577042, 0.920249742921442, 
1.76195197738707, -2.11283199838363, -2.24712470080703, 1.53107046498917, 
-0.995146336499602, 0.738382828421891, -1.66857147589326, 0.574056807672605, 
-1.33922122651711, -2.07920251064934, 1.2804230581969, -2.12009922135621, 
-1.07713649980724, -2.43296439177357, -1.94067849079147, -2.03184238867834, 
0.935604352271184, 1.02487985277548, -1.12444124417379, 1.82604693458416, 
0.541032587643713, 0.331138394540176, -2.49051514663734, 2.0545436325483, 
-0.186052126809955, -0.296192566165701, -1.02163510280661, -0.213154482189566, 
-1.95909717003815, -1.44906442379579, 1.77360538160428, -0.723448717035353, 
-0.502239209599793, -1.12246897653677, -0.65437127253972, -1.75120670930482, 
1.14076496101916, -2.31112642795779, -1.5287331037689, 0.103224435588345, 
0.246106931008399, -0.933481642277911, -0.662829267093912, -1.13387624034658, 
1.70470272889361, -1.59372231457382, -2.14419313473627, 2.39080173661932, 
1.09581883298233, -0.715017808834091, -1.86999777914025, 0.599491945467889, 
2.19083446660079, -2.13920313399285, -1.40416432986967, 0.980309813749045, 
1.32233046111651, 0.716556251281872, -1.48395105148666, 0.619574178708717, 
-2.3109346057754, -0.480343429371715, -1.54828410013579, -1.24649840756319, 
-1.26496145618148, -2.41134932497516, -1.2858291354496, -0.309699391946197, 
-1.17564811487682, 2.44713975465856, 2.11990510229953, 1.66110487189144, 
-0.898601791122928, 1.9611235440243, 0.323082586983219, 1.38778436812572, 
-1.19890002766624, 0.450979148736224, -1.20560698909685, 0.707921532448381, 
1.97120496304706, 1.23685783008114, -0.759081526193768, 1.26801688922569, 
0.576721656834707, 0.690517263719812, 0.789794008014724, -0.697608152404428, 
-1.1811685259454, -1.74940913915634, 1.88044690294191, -1.82872939389199, 
2.30673108133487, -2.41982386447489, 0.408312598010525, 0.00927587389014661, 
-1.06062532868236, 1.9479461980518, -1.33453386253677, 0.809920524479821, 
-1.42753503285348, -0.853377176681533, 2.14624441810884, -1.2893881695345, 
-0.795190156204626, -1.98567350162193, 1.11647414392792)), row.names = c(NA, 
177L), class = "data.frame")
