structure(list(ISO_3166_1_alpha_3 = c("FJI", "TZA", "SAH", "CAN", 
"USA", "KAZ", "UZB", "PNG", "IDN", "ARG", "CHL", "COD", "SOM", 
"KEN", "SDN", "TCD", "HTI", "DOM", "RUS", "BHS", "FLK", "NOR", 
"GRL", "ATF", "TLS", "ZAF", "LSO", "MEX", "URY", "BRA", "BOL", 
"PER", "COL", "PAN", "CRI", "NIC", "HND", "SLV", "GTM", "BLZ", 
"VEN", "GUY", "SUR", "FRA", "ECU", "PRI", "JAM", "CUB", "ZWE", 
"BWA", "NAM", "SEN", "MLI", "MRT", "BEN", "NER", "NGA", "CMR", 
"TGO", "GHA", "CIV", "GIN", "GNB", "LBR", "SLE", "BFA", "CAF", 
"COG", "GAB", "GNQ", "ZMB", "MWI", "MOZ", "SWZ", "AGO", "BDI", 
"ISR", "LBN", "MDG", "PSX", "GMB", "TUN", "DZA", "JOR", "ARE", 
"QAT", "KWT", "IRQ", "OMN", "VUT", "KHM", "THA", "LAO", "MMR", 
"VNM", "PRK", "KOR", "MNG", "IND", "BGD", "BTN", "NPL", "PAK", 
"AFG", "TJK", "KGZ", "TKM", "IRN", "SYR", "ARM", "SWE", "BLR", 
"UKR", "POL", "AUT", "HUN", "MDA", "ROU", "LTU", "LVA", "EST", 
"DEU", "BGR", "GRC", "TUR", "ALB", "HRV", "CHE", "LUX", "BEL", 
"NLD", "PRT", "ESP", "IRL", "NCL", "SLB", "NZL", "AUS", "LKA", 
"CHN", "TWN", "ITA", "DNK", "GBR", "ISL", "AZE", "GEO", "PHL", 
"MYS", "BRN", "SVN", "FIN", "SVK", "CZE", "ERI", "JPN", "PRY", 
"YEM", "SAU", "ATA", "CYN", "CYP", "MAR", "EGY", "LBY", "ETH", 
"DJI", "SOL", "UGA", "RWA", "BIH", "MKD", "SRB", "MNE", "KOS", 
"TTO", "SDS"), random = c(5.18699307530187, 4.65465569356456, 
2.47054250980727, 4.9963608821854, 0.75637370534241, 1.68446227977984, 
2.58814509445801, 4.31993785849772, 5.01714482391253, 4.10456829192117, 
1.64006085321307, 1.35864785942249, 3.63249445986003, 3.35792506532744, 
2.47871904470958, 1.19651969126426, 5.09266158752143, 3.69330158294179, 
0.63557765865698, 5.22233051899821, 2.82711416552775, 4.93075476330705, 
0.66818190924823, 4.34760711225681, 2.02614109916613, 1.45711114350706, 
3.11557441321202, 4.0888914228417, 1.94279431784526, 3.44970803195611, 
0.86468025296926, 5.03427695552818, 1.19950209464878, 5.49004873097874, 
3.94923309748992, 0.75147657142952, 2.03541074134409, 3.58834526804276, 
4.97703492478468, 1.22182742180303, 4.5011085930746, 3.33825385500677, 
4.91653034067713, 3.40911992895417, 4.01010000216775, 4.46221091737971, 
5.21664612065069, 4.5212213434279, 1.41960947611369, 3.40594248799607, 
1.65235560224392, 0.9263960395474, 5.07816218025982, 3.82316511776298, 
2.54526164801791, 1.18746461649425, 1.30402433290146, 1.04738889331929, 
5.14442736469209, 1.95718998508528, 4.75446529174224, 5.09970632917248, 
2.21575351268984, 2.68263312708586, 0.83210462192073, 3.74632531031966, 
2.6112515963614, 1.12010290916078, 3.76703976257704, 3.92024974292144, 
4.76195197738707, 0.88716800161637, 0.75287529919297, 4.53107046498917, 
2.0048536635004, 3.73838282842189, 1.33142852410674, 3.5740568076726, 
1.66077877348289, 0.92079748935066, 4.2804230581969, 0.87990077864379, 
1.92286350019276, 0.56703560822643, 1.05932150920853, 0.96815761132166, 
3.93560435227118, 4.02487985277548, 1.87555875582621, 4.82604693458416, 
3.54103258764371, 3.33113839454018, 0.50948485336266, 5.0545436325483, 
2.81394787319004, 2.7038074338343, 1.97836489719339, 2.78684551781043, 
1.04090282996185, 1.55093557620421, 4.77360538160428, 2.27655128296465, 
2.49776079040021, 1.87753102346323, 2.34562872746028, 1.24879329069518, 
4.14076496101916, 0.68887357204221, 1.4712668962311, 3.10322443558834, 
3.2461069310084, 2.06651835772209, 2.33717073290609, 1.86612375965342, 
4.70470272889361, 1.40627768542618, 0.85580686526373, 5.39080173661932, 
4.09581883298233, 2.28498219116591, 1.13000222085975, 3.59949194546789, 
5.19083446660079, 0.86079686600715, 1.59583567013033, 3.98030981374905, 
4.32233046111651, 3.71655625128187, 1.51604894851334, 3.61957417870872, 
0.6890653942246, 2.51965657062828, 1.45171589986421, 1.75350159243681, 
1.73503854381852, 0.58865067502484, 1.7141708645504, 2.6903006080538, 
1.82435188512318, 5.44713975465856, 5.11990510229953, 4.66110487189144, 
2.10139820887707, 4.9611235440243, 3.32308258698322, 4.38778436812572, 
1.80109997233376, 3.45097914873622, 1.79439301090315, 3.70792153244838, 
4.97120496304706, 4.23685783008114, 2.24091847380623, 4.26801688922569, 
3.57672165683471, 3.69051726371981, 3.78979400801472, 2.30239184759557, 
1.8188314740546, 1.25059086084366, 4.88044690294191, 1.17127060610801, 
5.30673108133487, 0.58017613552511, 3.40831259801053, 3.00927587389015, 
1.93937467131764, 4.9479461980518, 1.66546613746323, 3.80992052447982, 
1.57246496714652, 2.14662282331847, 5.14624441810884, 1.7106118304655, 
2.20480984379537, 1.01432649837807, 4.11647414392792)), row.names = c(NA, 
177L), class = "data.frame")
