structure(list(ISO_3166_1_alpha_2 = c("ae", "ar", "at", "au", 
"be", "bg", "bo", "br", "by", "ca", "ch", "cl", "cn", "cr", "cy", 
"cz", "de", "dk", "do", "ec", "ee", "es", "fi", "fr", "gb", "gr", 
"gt", "hk", "hr", "hu", "ie", "iq", "ir", "is", "it", "jp", "ke", 
"kz", "lt", "lu", "lv", "ma", "mk", "mt", "mx", "nl", "no", "nz", 
"om", "pe", "ph", "pk", "pl", "pt", "py", "ro", "ru", "sa", "se", 
"sg", "si", "sk", "tr", "tw", "tz", "ua", "us", "uy", "vn", "za", 
"zm"), `2020M07` = c(33.8068075827361, 0.688349332960744, -0.116315708091895, 
-0.0323224501282554, 0.585606601334507, 0.392059937737242, -2.89183545302574, 
0.00571780223184306, -5.92728776602948, -0.1642036124794, 0.0101708706265521, 
-1.53202750404483, -0.0649540112096788, -2.91910410957987, -0.22098609218811, 
0.936056451799362, 0.104945828274459, 0.250886751312036, -0.402847168025485, 
-0.219979997410141, -0.383480812826787, 0.70746182286007, -0.595771889515764, 
-0.349016940051062, 4.0428900423591, 1.10918405378786, -0.299147906581107, 
3.73855959944108, 2.7214714830764, 0.497859698512369, 0.472792905700158, 
32.1444250893368, -1.52985709945803, 0.382474368489657, 1.47723168580485, 
-0.280430448536432, 61.9846122427801, 1.7771175234306, 1.70166066130751, 
-0.378431086905821, -0.839795359199312, -0.927130185712523, 0.382474368489657, 
-6.62432107754905, 0, 0.710649068008218, -1.81338873941851, -0.0323224501282171, 
37.9194062068583, 0.0437254044599744, 0.284188695055579, -0.322318189296782, 
-0.394545050630446, -0.144613969544294, -17.1530199635908, 0.609364947970473, 
4.17268572385641, 2.25826500920144, 1.44033449075995, 0.20187110638383, 
1.29173348529707, 1.71833878687977, -1.15613291828616, 0.59827648571364, 
-39.2447471546815, -2.34712684959485, -0.0819000819001165, -2.1981418334493, 
0.373491022531877, 3.23901808030006e-06, 14.969264924947)), row.names = c(NA, 
71L), class = "data.frame")
